['decision_tree', [0.58146487294469362, 0.46088689586447434, 0.48430493273542602, 0.71798704534130542, 0.59392127553562535, 0.53163926258096661, 0.76332835077229699, 0.62780269058295968, 0.61185849526656699, 0.82710513203786751, 0.81215744892874941, 0.77179870453413058, 0.58146487294469362, 0.44942700548081715, 0.49775784753363228, 0.71798704534130542, 0.57698056801195818, 0.48629795714997509, 0.76332835077229699, 0.63079222720478323, 0.6327852516193323, 0.82212257100149477, 0.79671150971599403, 0.75485799701046341], 'knn', [0.94369706028898859, 0.94369706028898859, 0.93572496263079219, 0.94020926756352763, 0.89735924265072242, 0.89835575485799701, 0.86347782760338809, 0.86796213253612353, 0.82810164424514199, 0.83756851021425016], 'neural_net', 0.89337319382162428, 'svm', [0.9422022919780767, 0.92625809666168413, 0.94668659691081214]]


decision tree
	gini 
		maxfeat	None	sqrt	log2
		depth	
		3		58 		46 		58
		4 		71 		59 		53
		5 		76 		62 		61
		None 	82 		81 		77

	entropy
		maxfeat	None	sqrt	log2
		depth	
		3		58 		44 		49
		4 		71 		57 		48
		5 		76 		63 		63
		None 	82 		79 		75


knn
	weight		uniform 	distance
	neighbors
	1 			9436 		9436 
	10 			9357 		9402
	50 			8973 		8983
	100 		8634 		8679
	200 		8281 	 	8375

