2.5	2.5	2.5	3.0	2.0	2.0	2.0	3.0	3.0	3.0	2.0	1.0	
2.5	2.5	2.5	3.0	2.0	2.0	2.0	3.0	3.0	2.0	3.0	2.0	
2.5	2.5	2.5	3.0	2.0	2.0	2.0	3.0	3.0	3.0	3.0	3.0	
2.5	3.0	3.0	3.0	3.0	3.0	2.0	3.0	3.0	2.0	3.0	3.0	
2.5	3.0	2.5	3.0	3.0	2.0	2.0	3.0	3.0	3.0	4.0	3.0	
2.5	3.5	2.0	3.0	3.0	2.0	2.0	4.0	2.0	3.0	3.0	3.0	
2.0	3.5	3.5	2.0	3.0	3.0	2.0	4.0	4.0	2.0	4.0	4.0	
2.5	3.5	3.5	3.0	3.0	3.0	2.0	4.0	4.0	2.0	4.0	4.0	
2.0	3.5	3.5	2.0	3.0	3.0	2.0	4.0	4.0	2.0	4.0	4.0	
2.0	3.5	3.0	2.0	3.0	2.0	2.0	4.0	4.0	3.0	3.0	3.0	
1.5	3.5	3.5	2.0	3.0	3.0	1.0	4.0	4.0	3.0	4.0	4.0	
2.0	3.5	3.5	2.0	3.0	3.0	2.0	4.0	4.0	2.0	4.0	4.0	
2.0	3.5	3.5	2.0	3.0	3.0	2.0	4.0	4.0	2.0	4.0	4.0	
2.0	4.0	3.5	2.0	3.0	3.0	2.0	5.0	4.0	3.0	3.0	4.0	
2.5	3.5	3.5	3.0	3.0	3.0	2.0	4.0	4.0	2.0	4.0	4.0	
2.0	3.5	3.0	3.0	3.0	3.0	1.0	4.0	3.0	2.0	4.0	5.0	
2.5	2.0	2.5	3.0	2.0	2.0	2.0	2.0	3.0	2.0	2.0	2.0	
2.5	2.0	2.5	3.0	2.0	2.0	2.0	2.0	3.0	2.0	2.0	3.0	
2.0	3.5	3.5	2.0	3.0	3.0	2.0	4.0	4.0	2.0	3.0	3.0	
2.5	3.5	3.5	3.0	3.0	3.0	2.0	4.0	4.0	2.0	3.0	3.0	
2.0	4.0	3.5	2.0	3.0	3.0	2.0	5.0	4.0	2.0	3.0	3.0	
2.0	3.5	3.5	2.0	3.0	3.0	2.0	4.0	4.0	2.0	3.0	4.0	
2.0	3.5	3.5	2.0	3.0	3.0	2.0	4.0	4.0	2.0	3.0	4.0	
2.5	3.5	3.0	3.0	3.0	2.0	2.0	4.0	4.0	2.0	3.0	4.0	
2.0	3.5	3.5	2.0	3.0	3.0	2.0	4.0	4.0	2.0	3.0	4.0	
2.5	3.5	4.0	3.0	3.0	3.0	2.0	4.0	5.0	2.0	4.0	4.0	
2.0	4.5	4.0	2.0	4.0	3.0	2.0	5.0	5.0	2.0	4.0	4.0	
2.0	4.0	4.0	3.0	3.0	3.0	1.0	5.0	5.0	2.0	3.0	4.0	
3.0	1.5	2.0	3.0	1.0	1.0	3.0	2.0	3.0	2.0	3.0	3.0	
2.0	4.5	4.5	3.0	4.0	4.0	1.0	5.0	5.0	1.0	4.0	4.0	
2.5	2.0	1.5	3.0	1.0	1.0	2.0	3.0	2.0	3.0	3.0	4.0	
2.0	1.5	1.5	2.0	1.0	1.0	2.0	2.0	2.0	3.0	2.0	3.0	
2.0	1.5	1.5	2.0	1.0	1.0	2.0	2.0	2.0	2.0	2.0	3.0	
2.0	2.0	2.0	2.0	1.0	2.0	2.0	3.0	2.0	2.0	3.0	4.0	
2.5	2.0	2.5	3.0	1.0	2.0	2.0	3.0	3.0	2.0	3.0	4.0	
2.0	2.0	2.5	2.0	1.0	2.0	2.0	3.0	3.0	2.0	3.0	3.0	
2.5	2.5	2.5	3.0	2.0	2.0	2.0	3.0	3.0	3.0	3.0	3.0	
2.0	3.5	3.0	2.0	3.0	2.0	2.0	4.0	4.0	2.0	4.0	4.0	
1.5	2.0	1.5	2.0	2.0	1.0	1.0	2.0	2.0	2.0	3.0	3.0	
1.5	1.5	2.0	2.0	1.0	1.0	1.0	2.0	3.0	2.0	3.0	2.0	
2.0	1.5	2.0	2.0	1.0	1.0	2.0	2.0	3.0	2.0	2.0	2.0	
2.5	2.5	2.5	3.0	2.0	2.0	2.0	3.0	3.0	3.0	2.0	3.0	
3.5	2.0	1.5	3.0	2.0	1.0	4.0	2.0	2.0	3.0	3.0	4.0	
1.5	2.0	2.0	2.0	2.0	1.0	1.0	2.0	3.0	1.0	4.0	3.0	
1.5	2.0	2.0	2.0	2.0	1.0	1.0	2.0	3.0	1.0	3.0	3.0	
2.0	2.5	2.5	2.0	2.0	2.0	2.0	3.0	3.0	1.0	3.0	3.0	
2.0	1.0	2.5	2.0	1.0	2.0	2.0	1.0	3.0	2.0	2.0	4.0	
3.5	3.0	2.5	3.0	2.0	2.0	4.0	4.0	3.0	4.0	4.0	5.0	
2.5	2.5	2.5	3.0	2.0	2.0	2.0	3.0	3.0	3.0	3.0	4.0	
2.5	1.5	2.0	3.0	1.0	1.0	2.0	2.0	3.0	2.0	2.0	4.0	
4.0	2.0	2.5	4.0	2.0	2.0	4.0	2.0	3.0	2.0	3.0	4.0	
2.0	2.5	2.5	2.0	2.0	2.0	2.0	3.0	3.0	2.0	3.0	3.0	
2.0	2.5	2.5	2.0	2.0	2.0	2.0	3.0	3.0	2.0	3.0	3.0	
2.5	3.0	2.5	3.0	2.0	2.0	2.0	4.0	3.0	1.0	2.0	2.0	
2.0	3.0	3.0	2.0	2.0	3.0	2.0	4.0	3.0	2.0	3.0	2.0	
2.0	3.0	2.0	2.0	2.0	1.0	2.0	4.0	3.0	2.0	2.0	2.0	
2.0	3.0	1.5	2.0	2.0	1.0	2.0	4.0	2.0	2.0	3.0	2.0	
2.0	3.0	1.5	2.0	2.0	1.0	2.0	4.0	2.0	1.0	2.0	2.0	
2.0	3.0	2.5	2.0	3.0	2.0	2.0	3.0	3.0	1.0	3.0	2.0	
2.5	1.5	2.0	3.0	1.0	1.0	2.0	2.0	3.0	2.0	3.0	2.0	
2.0	1.5	2.5	2.0	1.0	2.0	2.0	2.0	3.0	2.0	2.0	2.0	
2.0	2.0	1.5	2.0	1.0	1.0	2.0	3.0	2.0	2.0	2.0	2.0	
2.5	1.5	2.5	3.0	1.0	2.0	2.0	2.0	3.0	2.0	2.0	1.0	
2.5	2.0	2.0	3.0	2.0	1.0	2.0	2.0	3.0	1.0	2.0	2.0	
1.5	2.0	2.0	2.0	2.0	1.0	1.0	2.0	3.0	1.0	2.0	1.0	
1.5	3.0	1.5	2.0	3.0	2.0	1.0	3.0	1.0	1.0	2.0	1.0	
3.0	3.0	1.5	3.0	2.0	1.0	3.0	4.0	2.0	2.0	2.0	2.0	
2.0	1.5	2.5	2.0	1.0	2.0	2.0	2.0	3.0	2.0	2.0	1.0	
4.3333	2.6667	2.6667	4.0	3.0	3.0	5.0	3.0	3.0	4.0	2.0	2.0	5.0	4.0	4.0	
4.0	2.6667	2.6667	4.0	3.0	3.0	4.0	3.0	3.0	4.0	2.0	2.0	5.0	4.0	4.0	
4.3333	3.0	2.3333	4.0	3.0	3.0	5.0	4.0	3.0	4.0	2.0	1.0	5.0	4.0	4.0	
5.0	4.0	3.0	5.0	4.0	4.0	5.0	5.0	4.0	5.0	3.0	1.0	5.0	5.0	5.0	
4.6667	3.6667	2.3333	5.0	4.0	3.0	5.0	4.0	3.0	4.0	3.0	1.0	5.0	5.0	5.0	
4.3333	4.0	2.3333	4.0	4.0	3.0	5.0	5.0	3.0	4.0	3.0	1.0	5.0	4.0	3.0	
4.0	3.3333	2.6667	4.0	4.0	3.0	4.0	4.0	4.0	4.0	2.0	1.0	5.0	4.0	4.0	
4.0	3.3333	2.3333	4.0	3.0	3.0	4.0	4.0	3.0	4.0	3.0	1.0	5.0	3.0	4.0	
4.0	3.3333	2.3333	4.0	3.0	3.0	4.0	4.0	3.0	4.0	3.0	1.0	4.0	3.0	4.0	
4.0	2.6667	2.3333	4.0	3.0	3.0	4.0	3.0	3.0	4.0	2.0	1.0	5.0	3.0	4.0	
4.0	3.3333	3.0	4.0	3.0	4.0	4.0	4.0	3.0	4.0	3.0	2.0	4.0	3.0	2.0	
4.0	3.0	2.3333	4.0	3.0	3.0	4.0	3.0	3.0	4.0	3.0	1.0	4.0	3.0	3.0	
4.0	3.6667	2.6667	4.0	4.0	3.0	4.0	4.0	4.0	4.0	3.0	1.0	5.0	4.0	3.0	
5.0	4.0	3.3333	5.0	4.0	4.0	5.0	5.0	5.0	5.0	3.0	1.0	5.0	5.0	3.0	
4.0	3.3333	2.3333	4.0	4.0	3.0	4.0	4.0	3.0	4.0	2.0	1.0	5.0	3.0	3.0	
4.6667	3.6667	3.0	4.0	4.0	3.0	5.0	5.0	5.0	5.0	2.0	1.0	5.0	3.0	3.0	
4.0	3.0	2.3333	4.0	3.0	2.0	4.0	3.0	4.0	4.0	3.0	1.0	5.0	3.0	3.0	
3.6667	2.6667	2.3333	3.0	3.0	3.0	4.0	3.0	3.0	4.0	2.0	1.0	5.0	4.0	3.0	
3.6667	3.0	2.0	3.0	3.0	2.0	4.0	4.0	3.0	4.0	2.0	1.0	4.0	3.0	3.0	
3.6667	2.3333	2.0	3.0	2.0	2.0	4.0	3.0	3.0	4.0	2.0	1.0	4.0	3.0	3.0	
3.6667	3.0	2.3333	4.0	3.0	3.0	3.0	4.0	3.0	4.0	2.0	1.0	4.0	3.0	2.0	
3.3333	3.6667	2.6667	3.0	4.0	3.0	3.0	5.0	3.0	4.0	2.0	2.0	4.0	4.0	3.0	
3.3333	2.6667	2.0	3.0	3.0	2.0	3.0	3.0	3.0	4.0	2.0	1.0	4.0	3.0	3.0	
3.0	2.3333	2.0	3.0	2.0	2.0	2.0	3.0	3.0	4.0	2.0	1.0	4.0	3.0	2.0	
4.3333	3.0	2.6667	4.0	4.0	3.0	5.0	3.0	3.0	4.0	2.0	2.0	5.0	4.0	4.0	
4.3333	3.3333	3.3333	4.0	4.0	4.0	5.0	4.0	4.0	4.0	2.0	2.0	5.0	4.0	4.0	
4.6667	4.0	3.0	5.0	5.0	4.0	5.0	4.0	4.0	4.0	3.0	1.0	5.0	4.0	4.0	
4.0	3.0	2.6667	4.0	3.0	3.0	4.0	4.0	3.0	4.0	2.0	2.0	4.0	3.0	2.0	
4.3333	2.6667	2.3333	4.0	3.0	3.0	5.0	3.0	3.0	4.0	2.0	1.0	4.0	3.0	2.0	
4.3333	3.3333	2.6667	4.0	3.0	3.0	5.0	4.0	3.0	4.0	3.0	2.0	4.0	3.0	2.0	
5.0	4.6667	3.0	5.0	5.0	4.0	5.0	5.0	4.0	5.0	4.0	1.0	5.0	4.0	3.0	
4.6667	4.0	2.3333	4.0	4.0	3.0	5.0	5.0	3.0	5.0	3.0	1.0	5.0	3.0	3.0	
4.0	3.3333	2.3333	4.0	3.0	3.0	4.0	4.0	3.0	4.0	3.0	1.0	5.0	3.0	3.0	
4.0	2.6667	2.3333	4.0	3.0	3.0	4.0	3.0	3.0	4.0	2.0	1.0	5.0	3.0	2.0	
4.0	3.0	2.3333	4.0	4.0	3.0	4.0	3.0	3.0	4.0	2.0	1.0	5.0	3.0	3.0	
4.0	2.6667	2.0	4.0	3.0	2.0	4.0	3.0	3.0	4.0	2.0	1.0	4.0	3.0	2.0	
3.6667	2.3333	2.3333	4.0	2.0	3.0	3.0	3.0	2.0	4.0	2.0	2.0	5.0	3.0	2.0	
4.0	3.3333	3.0	4.0	3.0	3.0	4.0	4.0	4.0	4.0	3.0	2.0	4.0	3.0	2.0	
3.6667	3.6667	2.6667	4.0	4.0	3.0	3.0	4.0	3.0	4.0	3.0	2.0	5.0	3.0	2.0	
4.3333	3.6667	2.6667	4.0	4.0	4.0	5.0	4.0	3.0	4.0	3.0	1.0	5.0	2.0	2.0	
4.6667	4.0	3.0	4.0	5.0	3.0	5.0	4.0	4.0	5.0	3.0	2.0	4.0	2.0	2.0	
4.3333	3.6667	2.6667	4.0	4.0	3.0	4.0	4.0	3.0	5.0	3.0	2.0	5.0	3.0	2.0	
4.0	3.0	2.6667	4.0	3.0	3.0	4.0	4.0	4.0	4.0	2.0	1.0	4.0	2.0	2.0	
3.6667	2.6667	2.6667	3.0	3.0	3.0	4.0	3.0	3.0	4.0	2.0	2.0	5.0	2.0	2.0	
3.6667	3.6667	2.3333	4.0	3.0	3.0	3.0	5.0	3.0	4.0	3.0	1.0	5.0	2.0	2.0	
3.0	2.6667	2.6667	3.0	2.0	3.0	3.0	4.0	4.0	3.0	2.0	1.0	5.0	2.0	2.0	
3.0	3.0	2.3333	3.0	3.0	3.0	3.0	4.0	3.0	3.0	2.0	1.0	4.0	2.0	2.0	
3.3333	3.0	2.6667	3.0	3.0	3.0	3.0	4.0	3.0	4.0	2.0	2.0	4.0	2.0	2.0	
3.0	3.3333	2.6667	3.0	3.0	3.0	3.0	4.0	3.0	3.0	3.0	2.0	4.0	2.0	2.0	
4.0	3.3333	2.6667	4.0	3.0	3.0	4.0	4.0	4.0	4.0	3.0	1.0	4.0	2.0	2.0	
4.6667	4.3333	3.6667	4.0	5.0	4.0	5.0	5.0	5.0	5.0	3.0	2.0	5.0	3.0	3.0	
3.6667	2.6667	2.3333	3.0	3.0	3.0	4.0	3.0	3.0	4.0	2.0	1.0	4.0	3.0	2.0	
3.0	3.0	3.0	3.0	2.0	3.0	3.0	4.0	3.0	3.0	2.0	2.0	
2.5	2.5	3.0	3.0	2.0	3.0	2.0	3.0	3.0	3.0	3.0	3.0	
2.5	3.5	3.0	3.0	3.0	3.0	2.0	4.0	3.0	2.0	3.0	4.0	
2.5	3.0	2.5	3.0	2.0	2.0	2.0	4.0	3.0	2.0	3.0	3.0	
2.5	2.5	2.0	3.0	2.0	2.0	2.0	3.0	2.0	3.0	3.0	3.0	
3.0	2.0	2.5	3.0	2.0	2.0	3.0	2.0	3.0	3.0	3.0	3.0	
3.0	3.5	3.5	3.0	3.0	4.0	3.0	4.0	3.0	2.0	4.0	4.0	
3.0	3.5	4.0	3.0	3.0	4.0	3.0	4.0	4.0	2.0	4.0	4.0	
2.0	3.5	3.5	2.0	3.0	3.0	2.0	4.0	4.0	2.0	4.0	4.0	
2.5	2.5	2.5	3.0	2.0	2.0	2.0	3.0	3.0	2.0	4.0	4.0	
2.0	3.5	3.0	2.0	3.0	3.0	2.0	4.0	3.0	2.0	4.0	4.0	
2.5	3.0	3.0	3.0	2.0	3.0	2.0	4.0	3.0	2.0	4.0	4.0	
2.5	2.5	4.0	3.0	2.0	4.0	2.0	3.0	4.0	1.0	4.0	4.0	
3.0	3.5	3.5	3.0	3.0	3.0	3.0	4.0	4.0	2.0	3.0	4.0	
2.5	3.0	2.5	3.0	2.0	2.0	2.0	4.0	3.0	3.0	2.0	3.0	
2.0	4.0	3.5	2.0	4.0	3.0	2.0	4.0	4.0	2.0	4.0	4.0	
2.0	4.0	3.5	2.0	4.0	3.0	2.0	4.0	4.0	2.0	4.0	4.0	
2.0	4.5	4.0	2.0	4.0	4.0	2.0	5.0	4.0	2.0	4.0	4.0	
2.0	4.5	3.5	2.0	4.0	4.0	2.0	5.0	3.0	2.0	4.0	4.0	
3.0	3.5	3.0	3.0	3.0	3.0	3.0	4.0	3.0	2.0	3.0	3.0	
2.0	3.0	3.5	3.0	3.0	3.0	1.0	3.0	4.0	2.0	3.0	3.0	
2.0	2.0	3.0	3.0	2.0	2.0	1.0	2.0	4.0	2.0	3.0	3.0	
2.0	2.0	2.5	2.0	2.0	2.0	2.0	2.0	3.0	2.0	4.0	3.0	
2.0	2.5	3.0	3.0	2.0	2.0	1.0	3.0	4.0	3.0	4.0	4.0	
2.5	2.5	3.5	3.0	2.0	3.0	2.0	3.0	4.0	2.0	4.0	4.0	
2.5	2.5	3.0	3.0	2.0	2.0	2.0	3.0	4.0	2.0	3.0	3.0	
2.5	2.0	3.5	3.0	2.0	3.0	2.0	2.0	4.0	2.0	3.0	3.0	
2.5	2.0	3.0	3.0	2.0	2.0	2.0	2.0	4.0	3.0	3.0	3.0	
2.0	3.5	3.5	2.0	3.0	3.0	2.0	4.0	4.0	3.0	3.0	4.0	
1.5	4.0	4.0	2.0	3.0	4.0	1.0	5.0	4.0	3.0	4.0	4.0	
1.5	3.5	4.0	2.0	3.0	4.0	1.0	4.0	4.0	2.0	4.0	5.0	
1.5	3.0	3.5	2.0	3.0	3.0	1.0	3.0	4.0	2.0	4.0	4.0	
2.0	3.5	3.5	2.0	3.0	3.0	2.0	4.0	4.0	3.0	4.0	3.0	
1.5	3.5	4.5	2.0	3.0	4.0	1.0	4.0	5.0	3.0	4.0	4.0	
3.0	2.5	2.5	3.0	2.0	2.0	3.0	3.0	3.0	3.0	2.0	2.0	
3.0	2.5	2.0	3.0	2.0	1.0	3.0	3.0	3.0	3.0	2.0	2.0	
3.0	2.5	3.0	3.0	2.0	3.0	3.0	3.0	3.0	3.0	2.0	2.0	
3.0	2.5	2.5	3.0	2.0	2.0	3.0	3.0	3.0	3.0	2.0	2.0	
3.0	3.0	3.0	3.0	3.0	3.0	3.0	3.0	3.0	3.0	2.0	2.0	
3.0	3.0	3.0	3.0	3.0	3.0	3.0	3.0	3.0	3.0	3.0	3.0	
3.0	3.5	2.5	3.0	3.0	2.0	3.0	4.0	3.0	4.0	2.0	2.0	
3.5	3.0	2.5	4.0	2.0	2.0	3.0	4.0	3.0	3.0	3.0	2.0	
3.0	3.0	2.5	3.0	3.0	2.0	3.0	3.0	3.0	3.0	2.0	2.0	
3.0	3.0	3.0	3.0	3.0	3.0	3.0	3.0	3.0	3.0	2.0	2.0	
3.0	2.5	2.0	3.0	2.0	1.0	3.0	3.0	3.0	3.0	2.0	2.0	
3.0	3.0	2.5	3.0	2.0	2.0	3.0	4.0	3.0	3.0	2.0	2.0	
3.0	3.0	2.5	3.0	2.0	2.0	3.0	4.0	3.0	3.0	2.0	2.0	
3.0	2.0	3.0	3.0	2.0	3.0	3.0	2.0	3.0	3.0	2.0	2.0	
3.5	3.5	3.5	3.0	3.0	4.0	4.0	4.0	3.0	3.0	2.0	2.0	
2.5	3.5	3.0	3.0	3.0	3.0	2.0	4.0	3.0	3.0	2.0	2.0	
3.0	2.5	2.5	3.0	2.0	2.0	3.0	3.0	3.0	3.0	2.0	2.0	
3.0	3.5	3.0	3.0	3.0	3.0	3.0	4.0	3.0	3.0	2.0	2.0	
3.0	3.5	3.0	3.0	3.0	3.0	3.0	4.0	3.0	3.0	3.0	2.0	
3.0	2.5	2.5	3.0	2.0	2.0	3.0	3.0	3.0	3.0	1.0	2.0	
3.0	2.5	2.5	3.0	2.0	2.0	3.0	3.0	3.0	3.0	2.0	2.0	
3.5	3.5	3.0	4.0	3.0	3.0	3.0	4.0	3.0	3.0	2.0	2.0	
3.0	2.5	2.5	3.0	2.0	2.0	3.0	3.0	3.0	3.0	2.0	2.0	
2.5	2.5	2.0	3.0	2.0	2.0	2.0	3.0	2.0	3.0	2.0	2.0	
3.0	2.5	3.0	3.0	2.0	2.0	3.0	3.0	4.0	3.0	3.0	3.0	
3.0	3.5	3.5	3.0	3.0	3.0	3.0	4.0	4.0	3.0	2.0	2.0	
3.5	3.0	3.0	3.0	2.0	3.0	4.0	4.0	3.0	3.0	2.0	2.0	
3.5	3.5	3.5	3.0	3.0	3.0	4.0	4.0	4.0	3.0	2.0	2.0	
3.0	2.5	2.0	3.0	2.0	2.0	3.0	3.0	2.0	3.0	2.0	2.0	
2.5	3.5	3.5	3.0	3.0	3.0	2.0	4.0	4.0	3.0	3.0	3.0	
2.5	2.5	3.0	3.0	2.0	3.0	2.0	3.0	3.0	3.0	3.0	3.0	
3.0	2.5	2.5	3.0	3.0	2.0	3.0	2.0	3.0	3.0	2.0	2.0	
2.5	2.0	1.5	3.0	2.0	1.0	2.0	2.0	2.0	3.0	2.0	2.0	
2.5	3.5	2.0	3.0	3.0	1.0	2.0	4.0	3.0	3.0	2.0	2.0	
2.5	2.0	2.0	3.0	2.0	1.0	2.0	2.0	3.0	3.0	2.0	2.0	
2.0	3.5	3.0	2.0	3.0	3.0	2.0	4.0	3.0	3.0	3.0	3.0	
2.5	3.0	3.5	3.0	3.0	3.0	2.0	3.0	4.0	3.0	3.0	2.0	
4.0	2.0	1.5	4.0	2.0	1.0	4.0	2.0	2.0	3.0	3.0	4.0	
2.0	2.5	2.5	2.0	2.0	2.0	2.0	3.0	3.0	3.0	4.0	4.0	
2.5	2.5	3.5	3.0	3.0	3.0	2.0	2.0	4.0	3.0	4.0	4.0	
2.0	3.0	3.5	2.0	3.0	3.0	2.0	3.0	4.0	3.0	3.0	4.0	
2.0	3.5	3.5	2.0	3.0	3.0	2.0	4.0	4.0	2.0	4.0	5.0	
2.5	3.0	3.0	3.0	2.0	2.0	2.0	4.0	4.0	2.0	4.0	4.0	
2.5	2.5	2.5	3.0	2.0	2.0	2.0	3.0	3.0	3.0	3.0	4.0	
2.5	3.0	3.5	3.0	2.0	3.0	2.0	4.0	4.0	2.0	3.0	4.0	
2.5	2.5	3.5	3.0	2.0	3.0	2.0	3.0	4.0	2.0	3.0	4.0	
2.5	2.5	3.5	3.0	2.0	3.0	2.0	3.0	4.0	2.0	4.0	4.0	
2.0	4.0	3.5	2.0	3.0	3.0	2.0	5.0	4.0	4.0	4.0	4.0	
2.0	4.5	3.5	2.0	4.0	3.0	2.0	5.0	4.0	3.0	4.0	5.0	
2.5	3.5	3.0	3.0	3.0	2.0	2.0	4.0	4.0	4.0	4.0	4.0	
2.0	2.5	3.0	3.0	2.0	2.0	1.0	3.0	4.0	3.0	4.0	5.0	
1.5	4.0	4.0	2.0	4.0	3.0	1.0	4.0	5.0	2.0	5.0	4.0	
1.5	4.5	4.5	2.0	4.0	4.0	1.0	5.0	5.0	1.0	5.0	5.0	
1.5	4.5	4.0	2.0	4.0	3.0	1.0	5.0	5.0	1.0	5.0	5.0	
1.5	5.0	4.5	2.0	5.0	4.0	1.0	5.0	5.0	1.0	5.0	5.0	
1.5	4.0	4.0	2.0	4.0	3.0	1.0	4.0	5.0	1.0	5.0	5.0	
1.5	4.0	4.5	2.0	4.0	4.0	1.0	4.0	5.0	1.0	5.0	5.0	
1.5	4.5	4.5	2.0	4.0	4.0	1.0	5.0	5.0	1.0	4.0	5.0	
1.5	4.5	4.5	2.0	4.0	4.0	1.0	5.0	5.0	1.0	4.0	5.0	
1.5	4.5	4.0	2.0	4.0	3.0	1.0	5.0	5.0	1.0	5.0	5.0	
2.0	3.0	4.0	3.0	3.0	3.0	1.0	3.0	5.0	1.0	5.0	5.0	
2.0	3.0	4.0	3.0	3.0	3.0	1.0	3.0	5.0	1.0	4.0	5.0	
1.5	4.5	4.5	2.0	4.0	4.0	1.0	5.0	5.0	1.0	5.0	5.0	
2.0	3.5	3.5	3.0	3.0	2.0	1.0	4.0	5.0	1.0	5.0	5.0	
2.0	2.5	4.0	3.0	2.0	3.0	1.0	3.0	5.0	1.0	4.0	5.0	
2.0	3.0	4.0	3.0	3.0	3.0	1.0	3.0	5.0	1.0	4.0	5.0	
1.5	3.0	3.5	2.0	2.0	3.0	1.0	4.0	4.0	1.0	3.0	5.0	
2.0	3.0	3.5	3.0	2.0	3.0	1.0	4.0	4.0	1.0	3.0	5.0	
4.0	2.5	2.0	4.0	2.0	1.0	4.0	3.0	3.0	4.0	2.0	2.0	
4.0	2.5	2.0	4.0	2.0	1.0	4.0	3.0	3.0	4.0	2.0	2.0	
4.0	2.5	2.0	4.0	2.0	1.0	4.0	3.0	3.0	3.0	2.0	2.0	
4.0	2.5	2.0	4.0	2.0	1.0	4.0	3.0	3.0	3.0	2.0	2.0	
3.5	1.5	2.0	3.0	1.0	1.0	4.0	2.0	3.0	3.0	3.0	2.0	
3.5	2.5	2.0	3.0	2.0	1.0	4.0	3.0	3.0	4.0	3.0	3.0	
3.5	2.5	2.0	3.0	2.0	1.0	4.0	3.0	3.0	4.0	3.0	3.0	
3.5	2.5	2.0	3.0	2.0	1.0	4.0	3.0	3.0	4.0	2.0	2.0	
3.0	2.5	2.0	3.0	2.0	1.0	3.0	3.0	3.0	4.0	2.0	2.0	
2.5	2.5	2.0	3.0	2.0	1.0	2.0	3.0	3.0	3.0	3.0	3.0	
2.5	2.5	2.0	3.0	2.0	1.0	2.0	3.0	3.0	3.0	3.0	3.0	
2.5	2.5	2.0	3.0	2.0	1.0	2.0	3.0	3.0	3.0	3.0	3.0	
2.5	2.0	1.5	3.0	2.0	1.0	2.0	2.0	2.0	4.0	3.0	3.0	
2.5	2.0	1.5	3.0	2.0	1.0	2.0	2.0	2.0	2.0	3.0	3.0	
2.5	2.5	1.5	3.0	2.0	1.0	2.0	3.0	2.0	3.0	2.0	3.0	
2.5	2.0	1.5	3.0	2.0	1.0	2.0	2.0	2.0	3.0	3.0	3.0	
2.5	2.5	2.0	3.0	2.0	2.0	2.0	3.0	2.0	3.0	3.0	3.0	
2.5	2.5	2.5	3.0	2.0	2.0	2.0	3.0	3.0	4.0	3.0	3.0	
3.0	3.5	2.5	3.0	3.0	2.0	3.0	4.0	3.0	4.0	3.0	3.0	
2.5	2.0	2.0	3.0	2.0	1.0	2.0	2.0	3.0	3.0	2.0	3.0	
2.5	2.0	2.0	3.0	2.0	1.0	2.0	2.0	3.0	3.0	3.0	3.0	
2.5	2.5	1.5	3.0	2.0	1.0	2.0	3.0	2.0	3.0	3.0	3.0	
2.5	2.0	2.0	3.0	2.0	1.0	2.0	2.0	3.0	3.0	3.0	3.0	
2.5	3.5	2.5	3.0	3.0	3.0	2.0	4.0	2.0	3.0	3.0	3.0	
2.5	3.0	2.5	3.0	3.0	3.0	2.0	3.0	2.0	3.0	3.0	3.0	
2.5	2.5	2.0	3.0	2.0	2.0	2.0	3.0	2.0	3.0	3.0	3.0	
2.5	2.5	2.5	3.0	2.0	2.0	2.0	3.0	3.0	3.0	3.0	3.0	
2.5	2.5	2.0	3.0	2.0	2.0	2.0	3.0	2.0	3.0	3.0	3.0	
2.5	2.5	2.0	3.0	2.0	2.0	2.0	3.0	2.0	4.0	3.0	3.0	
2.5	2.5	2.5	3.0	2.0	2.0	2.0	3.0	3.0	3.0	3.0	3.0	
3.0	2.5	2.0	3.0	2.0	2.0	3.0	3.0	2.0	4.0	3.0	3.0	
3.0	2.5	2.5	3.0	2.0	2.0	3.0	3.0	3.0	3.0	3.0	3.0	
3.0	2.5	2.0	3.0	2.0	1.0	3.0	3.0	3.0	4.0	3.0	3.0	
2.5	3.0	2.0	3.0	3.0	1.0	2.0	3.0	3.0	3.0	4.0	3.0	
2.5	2.5	2.5	3.0	3.0	2.0	2.0	2.0	3.0	3.0	3.0	3.0	
2.5	2.0	1.5	3.0	2.0	1.0	2.0	2.0	2.0	3.0	3.0	3.0	
3.5	2.0	3.0	3.0	2.0	2.0	4.0	2.0	4.0	2.0	1.0	2.0	
2.0	2.0	2.0	2.0	2.0	1.0	2.0	2.0	3.0	3.0	2.0	3.0	
2.0	1.5	2.5	2.0	2.0	2.0	2.0	1.0	3.0	2.0	1.0	2.0	
3.0	2.0	2.5	2.0	2.0	2.0	4.0	2.0	3.0	3.0	1.0	2.0	
3.5	2.0	3.0	3.0	2.0	3.0	4.0	2.0	3.0	2.0	1.0	2.0	
2.0	2.0	4.0	2.0	2.0	4.0	2.0	2.0	4.0	2.0	3.0	3.0	
3.5	3.0	4.0	4.0	3.0	4.0	3.0	3.0	4.0	3.0	3.0	4.0	
3.5	3.0	4.0	3.0	3.0	4.0	4.0	3.0	4.0	4.0	3.0	3.0	
2.5	3.5	3.5	3.0	4.0	4.0	2.0	3.0	3.0	2.0	2.0	2.0	
2.5	3.0	3.5	3.0	3.0	4.0	2.0	3.0	3.0	3.0	3.0	4.0	
2.0	2.5	3.5	2.0	3.0	3.0	2.0	2.0	4.0	2.0	2.0	2.0	
2.0	3.0	4.0	2.0	3.0	4.0	2.0	3.0	4.0	2.0	2.0	2.0	
2.0	3.5	4.5	2.0	3.0	4.0	2.0	4.0	5.0	2.0	3.0	3.0	
2.0	2.0	2.0	2.0	2.0	1.0	2.0	2.0	3.0	2.0	1.0	1.0	
3.0	3.0	2.5	3.0	3.0	3.0	3.0	3.0	2.0	2.0	2.0	2.0	
2.0	2.0	2.5	2.0	2.0	2.0	2.0	2.0	3.0	3.0	2.0	2.0	
4.0	3.0	3.5	4.0	3.0	4.0	4.0	3.0	3.0	4.0	3.0	3.0	
4.0	3.0	3.5	4.0	2.0	3.0	4.0	4.0	4.0	4.0	3.0	3.0	
4.0	3.0	3.5	4.0	3.0	4.0	4.0	3.0	3.0	3.0	3.0	2.0	
2.5	2.0	2.5	3.0	2.0	2.0	2.0	2.0	3.0	2.0	2.0	1.0	
2.5	3.0	4.0	3.0	3.0	4.0	2.0	3.0	4.0	2.0	3.0	4.0	
2.0	3.0	4.0	2.0	3.0	4.0	2.0	3.0	4.0	2.0	3.0	3.0	
4.0	3.0	3.5	4.0	2.0	3.0	4.0	4.0	4.0	4.0	4.0	3.0	
2.5	2.0	2.5	3.0	2.0	2.0	2.0	2.0	3.0	3.0	2.0	3.0	
1.5	2.0	3.0	2.0	2.0	3.0	1.0	2.0	3.0	3.0	3.0	3.0	
3.0	3.5	4.5	4.0	4.0	4.0	2.0	3.0	5.0	4.0	4.0	3.0	
3.0	3.0	3.5	3.0	2.0	3.0	3.0	4.0	4.0	2.0	1.0	2.0	
2.0	2.0	3.5	2.0	2.0	3.0	2.0	2.0	4.0	3.0	2.0	2.0	
3.0	3.5	4.0	2.0	3.0	4.0	4.0	4.0	4.0	4.0	4.0	4.0	
2.5	2.0	3.0	3.0	2.0	3.0	2.0	2.0	3.0	2.0	2.0	3.0	
2.5	3.0	3.5	2.0	3.0	3.0	3.0	3.0	4.0	2.0	3.0	2.0	
2.5	2.0	3.0	2.0	2.0	3.0	3.0	2.0	3.0	3.0	1.0	1.0	
2.5	2.0	3.5	2.0	2.0	3.0	3.0	2.0	4.0	2.0	2.0	2.0	
3.0	3.0	2.5	3.0	2.0	1.0	3.0	4.0	4.0	3.0	1.0	1.0	
3.0	2.0	2.5	3.0	2.0	2.0	3.0	2.0	3.0	2.0	2.0	1.0	
3.0	2.0	2.5	3.0	2.0	2.0	3.0	2.0	3.0	2.0	1.0	1.0	
3.0	2.0	2.5	3.0	2.0	2.0	3.0	2.0	3.0	2.0	1.0	1.0	
3.0	2.5	2.5	3.0	3.0	3.0	3.0	2.0	2.0	3.0	2.0	2.0	
3.0	2.5	2.5	3.0	3.0	2.0	3.0	2.0	3.0	3.0	1.0	1.0	
3.0	2.5	3.0	3.0	2.0	2.0	3.0	3.0	4.0	3.0	2.0	1.0	
3.0	2.0	3.0	3.0	2.0	3.0	3.0	2.0	3.0	3.0	1.0	1.0	
2.5	2.5	2.5	2.0	3.0	3.0	3.0	2.0	2.0	3.0	2.0	1.0	
3.0	2.5	2.5	3.0	3.0	3.0	3.0	2.0	2.0	3.0	2.0	1.0	
3.0	2.5	2.0	3.0	2.0	1.0	3.0	3.0	3.0	2.0	1.0	1.0	
3.0	3.0	2.5	3.0	2.0	1.0	3.0	4.0	4.0	4.0	2.0	1.0	
3.0	2.5	2.5	3.0	2.0	3.0	3.0	3.0	2.0	3.0	3.0	1.0	
4.0	3.0	2.5	4.0	2.0	1.0	4.0	4.0	4.0	4.0	3.0	1.0	
5.0	5.0	4.5	5.0	5.0	4.0	5.0	5.0	5.0	5.0	5.0	4.0	
4.0	4.5	3.5	4.0	4.0	3.0	4.0	5.0	4.0	5.0	4.0	3.0	
4.0	4.0	3.0	4.0	4.0	3.0	4.0	4.0	3.0	5.0	4.0	4.0	
4.5	4.5	4.5	4.0	4.0	4.0	5.0	5.0	5.0	5.0	5.0	3.0	
3.0	3.5	3.0	3.0	3.0	3.0	3.0	4.0	3.0	5.0	4.0	3.0	
5.0	4.5	4.5	5.0	4.0	4.0	5.0	5.0	5.0	5.0	5.0	3.0	
4.5	4.0	3.5	4.0	3.0	3.0	5.0	5.0	4.0	5.0	4.0	3.0	
4.0	4.0	3.5	4.0	4.0	3.0	4.0	4.0	4.0	5.0	3.0	3.0	
4.0	3.0	3.0	4.0	3.0	3.0	4.0	3.0	3.0	5.0	3.0	3.0	
4.0	3.0	2.5	4.0	2.0	2.0	4.0	4.0	3.0	4.0	3.0	3.0	
5.0	4.5	4.0	5.0	4.0	3.0	5.0	5.0	5.0	5.0	5.0	4.0	
4.0	3.5	3.0	4.0	3.0	3.0	4.0	4.0	3.0	4.0	4.0	3.0	
4.5	4.0	3.5	4.0	4.0	3.0	5.0	4.0	4.0	5.0	5.0	4.0	
4.5	4.0	4.0	4.0	3.0	3.0	5.0	5.0	5.0	5.0	4.0	4.0	
4.0	3.5	3.5	4.0	3.0	3.0	4.0	4.0	4.0	5.0	4.0	4.0	
4.5	4.0	3.0	4.0	3.0	2.0	5.0	5.0	4.0	5.0	4.0	3.0	
4.5	3.5	3.0	4.0	4.0	3.0	5.0	3.0	3.0	4.0	3.0	3.0	
3.5	3.0	2.0	3.0	2.0	2.0	4.0	4.0	2.0	4.0	3.0	3.0	
4.5	4.5	4.0	4.0	4.0	3.0	5.0	5.0	5.0	4.0	4.0	3.0	
4.5	4.0	4.0	4.0	3.0	3.0	5.0	5.0	5.0	4.0	4.0	2.0	
4.5	3.5	2.5	4.0	3.0	2.0	5.0	4.0	3.0	5.0	4.0	2.0	
4.0	4.0	3.0	4.0	4.0	3.0	4.0	4.0	3.0	5.0	4.0	2.0	
4.5	4.5	3.5	4.0	4.0	3.0	5.0	5.0	4.0	4.0	4.0	3.0	
4.5	4.5	3.5	4.0	4.0	3.0	5.0	5.0	4.0	5.0	4.0	3.0	
4.5	4.5	4.5	4.0	4.0	4.0	5.0	5.0	5.0	5.0	4.0	3.0	
4.0	3.0	3.0	4.0	2.0	2.0	4.0	4.0	4.0	4.0	3.0	3.0	
3.5	4.0	3.5	3.0	3.0	3.0	4.0	5.0	4.0	5.0	3.0	3.0	
3.5	3.5	2.5	3.0	3.0	2.0	4.0	4.0	3.0	5.0	3.0	3.0	
3.0	2.5	2.5	3.0	2.0	2.0	3.0	3.0	3.0	5.0	3.0	3.0	
3.0	2.5	3.0	3.0	2.0	3.0	3.0	3.0	3.0	5.0	3.0	3.0	
4.0	2.5	2.5	4.0	2.0	2.0	4.0	3.0	3.0	5.0	4.0	4.0	
4.0	4.5	3.0	4.0	4.0	3.0	4.0	5.0	3.0	5.0	4.0	3.0	
4.5	4.0	3.5	4.0	4.0	3.0	5.0	4.0	4.0	5.0	4.0	3.0	
4.5	4.0	3.0	4.0	4.0	3.0	5.0	4.0	3.0	5.0	3.0	3.0	
4.0	3.5	2.5	4.0	3.0	2.0	4.0	4.0	3.0	5.0	3.0	3.0	
4.0	3.0	3.0	4.0	3.0	3.0	4.0	3.0	3.0	5.0	3.0	3.0	
4.5	4.0	3.0	4.0	3.0	2.0	5.0	5.0	4.0	5.0	4.0	3.0	
2.0	2.3333	2.3333	2.0	2.0	3.0	2.0	3.0	3.0	2.0	2.0	1.0	
2.0	2.3333	1.6667	2.0	2.0	2.0	2.0	2.0	2.0	2.0	3.0	1.0	
2.3333	2.3333	2.6667	3.0	3.0	3.0	2.0	1.0	3.0	2.0	3.0	2.0	
3.0	3.0	2.6667	3.0	3.0	3.0	3.0	3.0	3.0	3.0	3.0	2.0	
2.0	2.0	2.0	2.0	2.0	2.0	2.0	1.0	2.0	2.0	3.0	2.0	
2.0	1.6667	2.0	2.0	2.0	2.0	2.0	1.0	3.0	2.0	2.0	1.0	
1.6667	2.3333	3.3333	2.0	3.0	3.0	1.0	1.0	4.0	2.0	3.0	3.0	
2.6667	3.6667	3.6667	3.0	4.0	4.0	3.0	3.0	4.0	2.0	4.0	3.0	
2.0	2.3333	2.6667	2.0	3.0	3.0	2.0	1.0	3.0	2.0	3.0	2.0	
2.6667	2.6667	3.6667	3.0	3.0	3.0	3.0	2.0	4.0	2.0	3.0	4.0	
2.6667	2.6667	3.0	3.0	3.0	3.0	3.0	2.0	4.0	2.0	3.0	2.0	
2.3333	3.3333	3.6667	3.0	4.0	4.0	2.0	2.0	4.0	2.0	4.0	3.0	
2.3333	3.0	4.0	3.0	3.0	4.0	2.0	3.0	4.0	2.0	3.0	4.0	
2.3333	4.3333	3.6667	3.0	4.0	4.0	2.0	4.0	3.0	2.0	5.0	4.0	
2.6667	1.6667	2.3333	3.0	2.0	3.0	3.0	1.0	2.0	2.0	2.0	2.0	
3.0	2.3333	3.0	3.0	3.0	3.0	3.0	2.0	3.0	3.0	2.0	3.0	
2.6667	2.6667	3.0	3.0	3.0	3.0	3.0	2.0	4.0	2.0	3.0	2.0	
2.0	3.0	3.6667	2.0	3.0	3.0	2.0	2.0	4.0	2.0	4.0	4.0	
2.6667	2.6667	2.3333	3.0	3.0	3.0	2.0	2.0	2.0	3.0	3.0	2.0	
3.0	2.6667	2.3333	3.0	3.0	3.0	3.0	2.0	2.0	3.0	3.0	2.0	
2.3333	4.0	4.3333	3.0	4.0	4.0	2.0	4.0	5.0	2.0	4.0	4.0	
2.3333	4.0	4.0	3.0	4.0	4.0	2.0	4.0	4.0	2.0	4.0	4.0	
2.3333	3.3333	2.3333	3.0	4.0	3.0	2.0	3.0	2.0	2.0	3.0	2.0	
3.3333	2.6667	2.3333	3.0	3.0	3.0	4.0	3.0	2.0	3.0	2.0	2.0	
2.6667	2.6667	2.6667	3.0	3.0	3.0	2.0	3.0	4.0	3.0	2.0	1.0	
2.6667	3.3333	3.6667	3.0	4.0	4.0	3.0	3.0	4.0	2.0	3.0	3.0	
2.6667	2.6667	3.0	3.0	3.0	3.0	2.0	3.0	4.0	3.0	2.0	2.0	
2.3333	2.3333	2.3333	3.0	2.0	2.0	2.0	2.0	3.0	2.0	3.0	2.0	
2.3333	2.0	2.3333	3.0	2.0	2.0	2.0	2.0	4.0	2.0	2.0	1.0	
2.3333	3.6667	3.6667	3.0	4.0	4.0	2.0	3.0	4.0	2.0	4.0	3.0	
2.6667	2.0	1.6667	3.0	2.0	2.0	3.0	1.0	2.0	2.0	3.0	1.0	
2.3333	2.3333	1.6667	2.0	2.0	2.0	2.0	3.0	2.0	3.0	2.0	1.0	
2.0	2.0	2.6667	2.0	2.0	3.0	2.0	2.0	3.0	2.0	2.0	2.0	
2.6667	2.6667	3.3333	3.0	3.0	3.0	3.0	2.0	4.0	2.0	3.0	3.0	
2.3333	2.6667	2.3333	3.0	4.0	3.0	2.0	2.0	3.0	2.0	2.0	1.0	
1.6667	3.6667	4.0	2.0	4.0	4.0	2.0	3.0	4.0	1.0	4.0	4.0	
3.0	4.0	3.6667	3.0	4.0	4.0	4.0	4.0	4.0	2.0	4.0	3.0	
1.3333	4.3333	4.3333	2.0	4.0	4.0	1.0	4.0	5.0	1.0	5.0	4.0	
2.0	3.6667	3.6667	2.0	4.0	4.0	2.0	4.0	5.0	2.0	3.0	2.0	
2.3333	3.0	3.6667	3.0	3.0	4.0	2.0	3.0	4.0	2.0	3.0	3.0	
2.3333	2.6667	4.0	3.0	3.0	4.0	2.0	2.0	4.0	2.0	3.0	4.0	
1.6667	4.6667	4.3333	2.0	5.0	5.0	2.0	4.0	5.0	1.0	5.0	3.0	
2.0	4.0	3.6667	2.0	5.0	5.0	2.0	4.0	5.0	2.0	3.0	1.0	
2.3333	2.3333	2.0	3.0	3.0	3.0	2.0	2.0	2.0	2.0	2.0	1.0	
2.3333	1.3333	1.3333	2.0	2.0	1.0	3.0	1.0	2.0	2.0	1.0	1.0	
3.0	1.6667	2.3333	3.0	2.0	3.0	3.0	2.0	3.0	3.0	1.0	1.0	
3.0	2.0	2.3333	3.0	3.0	3.0	3.0	2.0	3.0	3.0	1.0	1.0	
2.6667	3.0	2.3333	3.0	3.0	3.0	3.0	4.0	3.0	2.0	2.0	1.0	
3.0	2.0	2.0	3.0	2.0	2.0	3.0	3.0	3.0	3.0	1.0	1.0	
3.0	2.0	2.0	3.0	2.0	2.0	3.0	3.0	3.0	3.0	1.0	1.0	
2.6667	2.6667	2.3333	3.0	2.0	2.0	2.0	4.0	3.0	3.0	2.0	2.0	
2.6667	2.6667	2.6667	3.0	3.0	3.0	2.0	3.0	3.0	3.0	2.0	2.0	
2.6667	3.0	3.0	3.0	3.0	3.0	2.0	4.0	4.0	3.0	2.0	2.0	
2.3333	2.6667	3.0	3.0	3.0	4.0	2.0	3.0	3.0	2.0	2.0	2.0	
2.3333	3.6667	3.6667	3.0	4.0	4.0	2.0	4.0	4.0	2.0	3.0	3.0	
3.0	3.3333	3.6667	3.0	4.0	4.0	3.0	4.0	4.0	3.0	2.0	3.0	
2.3333	2.3333	3.3333	3.0	3.0	4.0	2.0	2.0	4.0	2.0	2.0	2.0	
3.0	1.3333	2.0	3.0	2.0	2.0	3.0	1.0	3.0	3.0	1.0	1.0	
3.0	2.3333	2.3333	3.0	3.0	3.0	3.0	2.0	3.0	3.0	2.0	1.0	
3.0	1.6667	2.3333	3.0	2.0	2.0	3.0	2.0	4.0	3.0	1.0	1.0	
3.0	1.6667	2.6667	3.0	2.0	3.0	3.0	2.0	3.0	3.0	1.0	2.0	
3.6667	2.6667	2.3333	3.0	3.0	3.0	4.0	3.0	3.0	4.0	2.0	1.0	
3.0	2.6667	2.6667	3.0	3.0	3.0	3.0	3.0	3.0	3.0	2.0	2.0	
3.0	3.3333	3.6667	3.0	3.0	4.0	3.0	4.0	4.0	3.0	3.0	3.0	
2.0	4.3333	4.0	2.0	4.0	4.0	2.0	5.0	4.0	2.0	4.0	4.0	
2.6667	4.0	3.6667	3.0	4.0	4.0	2.0	4.0	4.0	3.0	4.0	3.0	
2.0	3.0	2.3333	2.0	3.0	3.0	2.0	3.0	3.0	2.0	3.0	1.0	
2.0	3.3333	3.3333	2.0	4.0	4.0	2.0	3.0	4.0	2.0	3.0	2.0	
3.0	2.0	2.3333	3.0	3.0	3.0	3.0	2.0	3.0	3.0	1.0	1.0	
2.6667	1.6667	2.0	3.0	2.0	2.0	3.0	2.0	3.0	2.0	1.0	1.0	
2.6667	2.0	3.0	3.0	2.0	3.0	3.0	2.0	4.0	2.0	2.0	2.0	
2.0	3.3333	3.0	2.0	3.0	4.0	2.0	4.0	3.0	2.0	3.0	2.0	
3.0	2.6667	2.6667	3.0	3.0	3.0	3.0	3.0	4.0	3.0	2.0	1.0	
2.0	3.0	1.6667	2.0	4.0	2.0	2.0	3.0	2.0	2.0	2.0	1.0	
2.6667	3.0	3.3333	3.0	3.0	4.0	2.0	4.0	3.0	3.0	2.0	3.0	
1.6667	4.3333	4.6667	2.0	5.0	5.0	1.0	5.0	5.0	2.0	3.0	4.0	
2.0	2.0	1.3333	2.0	2.0	2.0	2.0	3.0	1.0	2.0	1.0	1.0	
2.6667	3.6667	3.3333	3.0	4.0	4.0	3.0	4.0	3.0	2.0	3.0	3.0	
2.0	2.0	3.0	2.0	3.0	4.0	2.0	2.0	4.0	2.0	1.0	1.0	
3.0	2.6667	3.3333	3.0	3.0	4.0	3.0	3.0	4.0	3.0	2.0	2.0	
2.3333	2.3333	2.3333	3.0	3.0	3.0	2.0	3.0	3.0	2.0	1.0	1.0	
3.0	3.3333	3.0	3.0	4.0	3.0	3.0	3.0	4.0	3.0	3.0	2.0	
3.0	4.0	4.0	3.0	4.0	4.0	3.0	4.0	5.0	3.0	4.0	3.0	
2.6667	3.6667	3.6667	3.0	4.0	4.0	2.0	4.0	5.0	3.0	3.0	2.0	
3.0	1.6667	2.0	3.0	2.0	2.0	3.0	2.0	3.0	3.0	1.0	1.0	
3.0	1.6667	2.0	3.0	2.0	2.0	3.0	2.0	3.0	3.0	1.0	1.0	
2.6667	2.6667	2.3333	3.0	3.0	3.0	2.0	3.0	3.0	3.0	2.0	1.0	
3.0	2.6667	3.6667	3.0	4.0	4.0	3.0	2.0	4.0	3.0	2.0	3.0	
3.0	2.3333	3.3333	3.0	3.0	3.0	3.0	2.0	4.0	3.0	2.0	3.0	
2.5	2.5	3.0	3.0	2.0	2.0	2.0	3.0	4.0	
2.5	2.0	3.5	3.0	2.0	3.0	2.0	2.0	4.0	
2.5	2.5	4.5	3.0	3.0	4.0	2.0	2.0	5.0	
2.0	2.5	4.0	3.0	2.0	3.0	1.0	3.0	5.0	
2.5	2.5	3.5	3.0	2.0	3.0	2.0	3.0	4.0	
1.5	3.5	4.5	2.0	2.0	4.0	1.0	5.0	5.0	
1.5	4.0	4.5	2.0	3.0	4.0	1.0	5.0	5.0	
1.5	4.5	4.5	2.0	4.0	4.0	1.0	5.0	5.0	
1.5	4.5	4.5	2.0	4.0	4.0	1.0	5.0	5.0	
1.5	2.0	4.5	2.0	2.0	4.0	1.0	2.0	5.0	
1.5	3.5	4.5	2.0	3.0	4.0	1.0	4.0	5.0	
1.5	3.5	4.5	2.0	3.0	4.0	1.0	4.0	5.0	
1.5	4.5	5.0	2.0	4.0	5.0	1.0	5.0	5.0	
1.0	4.5	5.0	1.0	5.0	5.0	1.0	4.0	5.0	
2.0	3.0	2.5	2.0	3.0	2.0	2.0	3.0	3.0	
2.5	2.5	3.0	3.0	2.0	2.0	2.0	3.0	4.0	
3.0	3.0	2.5	3.0	3.0	3.0	3.0	3.0	2.0	
3.0	3.0	3.0	3.0	3.0	3.0	3.0	3.0	3.0	
2.0	3.5	4.0	2.0	3.0	4.0	2.0	4.0	4.0	
2.5	3.0	2.5	3.0	3.0	2.0	2.0	3.0	3.0	
3.0	2.5	3.0	3.0	3.0	2.0	3.0	2.0	4.0	
2.5	3.5	3.0	3.0	3.0	2.0	2.0	4.0	4.0	
2.5	3.5	3.5	3.0	3.0	3.0	2.0	4.0	4.0	
2.0	3.5	3.0	2.0	3.0	2.0	2.0	4.0	4.0	
2.5	3.0	2.5	3.0	3.0	3.0	2.0	3.0	2.0	
1.5	2.5	3.5	2.0	3.0	3.0	1.0	2.0	4.0	
2.5	2.0	3.0	3.0	2.0	2.0	2.0	2.0	4.0	
2.0	2.0	3.0	2.0	2.0	2.0	2.0	2.0	4.0	
2.5	2.5	4.0	3.0	2.0	3.0	2.0	3.0	5.0	
2.0	3.0	4.0	2.0	3.0	3.0	2.0	3.0	5.0	
1.5	4.0	4.5	2.0	3.0	4.0	1.0	5.0	5.0	
2.5	3.5	4.0	3.0	3.0	3.0	2.0	4.0	5.0	
1.5	4.0	4.5	2.0	3.0	4.0	1.0	5.0	5.0	
4.0	1.6667	2.3333	4.0	2.0	4.0	4.0	2.0	2.0	4.0	1.0	1.0	
4.3333	2.0	2.3333	4.0	2.0	3.0	5.0	3.0	3.0	4.0	1.0	1.0	
3.3333	2.0	2.3333	3.0	2.0	3.0	4.0	3.0	3.0	3.0	1.0	1.0	
3.0	1.3333	2.3333	3.0	2.0	2.0	3.0	1.0	4.0	3.0	1.0	1.0	
3.3333	2.6667	2.6667	4.0	3.0	3.0	3.0	3.0	4.0	3.0	2.0	1.0	
3.3333	2.0	1.6667	3.0	2.0	2.0	3.0	2.0	2.0	4.0	2.0	1.0	
3.0	2.3333	2.3333	3.0	2.0	2.0	3.0	3.0	4.0	3.0	2.0	1.0	
2.6667	1.3333	2.3333	2.0	2.0	2.0	3.0	1.0	4.0	3.0	1.0	1.0	
3.6667	2.6667	3.0	4.0	3.0	3.0	4.0	3.0	4.0	3.0	2.0	2.0	
4.0	3.0	2.0	4.0	3.0	3.0	4.0	4.0	2.0	4.0	2.0	1.0	
4.6667	3.6667	2.3333	4.0	4.0	3.0	5.0	4.0	3.0	5.0	3.0	1.0	
4.6667	4.0	2.6667	4.0	4.0	3.0	5.0	5.0	4.0	5.0	3.0	1.0	
5.0	4.3333	2.3333	5.0	5.0	2.0	5.0	5.0	4.0	5.0	3.0	1.0	
4.3333	3.3333	2.3333	4.0	4.0	3.0	5.0	4.0	3.0	4.0	2.0	1.0	
3.0	2.6667	3.0	3.0	3.0	3.0	3.0	3.0	4.0	3.0	2.0	2.0	
3.0	2.0	2.3333	3.0	2.0	3.0	3.0	2.0	3.0	3.0	2.0	1.0	
2.6667	1.6667	1.6667	2.0	2.0	2.0	3.0	2.0	2.0	3.0	1.0	1.0	
4.3333	3.0	2.6667	4.0	3.0	3.0	5.0	4.0	4.0	4.0	2.0	1.0	
4.3333	4.3333	4.3333	5.0	5.0	5.0	4.0	5.0	5.0	4.0	3.0	3.0	
4.3333	4.0	3.3333	4.0	4.0	2.0	5.0	5.0	5.0	4.0	3.0	3.0	
4.3333	3.6667	3.6667	5.0	4.0	4.0	4.0	4.0	5.0	4.0	3.0	2.0	
4.0	2.3333	3.0	4.0	3.0	3.0	4.0	2.0	4.0	4.0	2.0	2.0	
3.3333	1.6667	3.0	4.0	2.0	3.0	3.0	1.0	5.0	3.0	2.0	1.0	
2.0	2.3333	2.3333	2.0	2.0	3.0	2.0	2.0	3.0	2.0	3.0	1.0	
2.0	2.3333	3.0	2.0	2.0	4.0	2.0	2.0	4.0	2.0	3.0	1.0	
2.3333	1.6667	2.6667	3.0	2.0	3.0	2.0	2.0	4.0	2.0	1.0	1.0	
2.6667	1.6667	2.6667	3.0	2.0	3.0	2.0	2.0	3.0	3.0	1.0	2.0	
2.3333	2.3333	2.3333	2.0	2.0	2.0	2.0	3.0	4.0	3.0	2.0	1.0	
2.6667	2.3333	1.6667	2.0	2.0	2.0	3.0	3.0	2.0	3.0	2.0	1.0	
2.3333	2.0	2.0	2.0	2.0	2.0	3.0	2.0	3.0	2.0	2.0	1.0	
1.6667	2.3333	1.3333	2.0	2.0	1.0	1.0	3.0	2.0	2.0	2.0	1.0	
2.0	1.0	1.3333	2.0	1.0	1.0	2.0	1.0	2.0	2.0	1.0	1.0	
2.3333	1.3333	1.6667	3.0	2.0	2.0	2.0	1.0	2.0	2.0	1.0	1.0	
2.0	2.3333	3.6667	2.0	3.0	4.0	2.0	2.0	5.0	2.0	2.0	2.0	
2.6667	2.6667	4.0	3.0	3.0	4.0	3.0	3.0	5.0	2.0	2.0	3.0	
4.0	2.0	2.3333	4.0	2.0	3.0	4.0	2.0	3.0	4.0	2.0	1.0	
4.0	1.6667	2.0	4.0	2.0	2.0	4.0	2.0	3.0	4.0	1.0	1.0	
3.0	2.0	2.3333	3.0	3.0	3.0	3.0	2.0	2.0	3.0	1.0	2.0	
2.6667	1.6667	2.0	2.0	2.0	3.0	3.0	1.0	2.0	3.0	2.0	1.0	
4.0	2.6667	1.6667	4.0	3.0	2.0	4.0	3.0	2.0	4.0	2.0	1.0	
3.0	3.0	2.6667	3.0	4.0	2.0	3.0	3.0	4.0	3.0	2.0	2.0	
4.0	2.6667	2.3333	4.0	3.0	3.0	4.0	3.0	2.0	4.0	2.0	2.0	
3.3333	1.6667	1.6667	4.0	2.0	2.0	3.0	2.0	2.0	3.0	1.0	1.0	
3.0	3.0	2.0	3.0	3.0	3.0	3.0	3.0	2.0	3.0	3.0	1.0	
4.6667	3.6667	2.6667	4.0	4.0	3.0	5.0	4.0	4.0	5.0	3.0	1.0	
4.6667	4.0	2.3333	5.0	5.0	3.0	5.0	4.0	3.0	4.0	3.0	1.0	
4.3333	4.0	2.6667	5.0	5.0	4.0	4.0	4.0	2.0	4.0	3.0	2.0	
3.0	3.3333	3.0	3.0	4.0	3.0	3.0	3.0	4.0	3.0	3.0	2.0	
2.6667	2.6667	3.0	3.0	3.0	4.0	2.0	3.0	4.0	3.0	2.0	1.0	
2.0	2.3333	2.0	2.0	3.0	2.0	2.0	2.0	3.0	2.0	2.0	1.0	
4.3333	3.3333	2.3333	4.0	3.0	3.0	5.0	4.0	3.0	4.0	3.0	1.0	
4.0	4.0	3.3333	4.0	4.0	4.0	4.0	4.0	4.0	4.0	4.0	2.0	
4.0	3.3333	2.3333	4.0	4.0	2.0	4.0	4.0	3.0	4.0	2.0	2.0	
4.0	3.0	3.3333	4.0	3.0	3.0	4.0	4.0	5.0	4.0	2.0	2.0	
5.0	4.3333	3.6667	5.0	5.0	4.0	5.0	5.0	5.0	5.0	3.0	2.0	
4.3333	3.3333	3.6667	4.0	3.0	4.0	5.0	4.0	4.0	4.0	3.0	3.0	
4.0	3.6667	2.3333	4.0	4.0	3.0	4.0	5.0	3.0	4.0	2.0	1.0	
2.6667	2.6667	2.6667	2.0	3.0	3.0	4.0	2.0	3.0	2.0	3.0	2.0	
3.0	2.0	2.0	3.0	2.0	2.0	4.0	2.0	3.0	2.0	2.0	1.0	
2.3333	3.0	2.3333	2.0	3.0	3.0	2.0	3.0	2.0	3.0	3.0	2.0	
2.3333	3.0	2.3333	3.0	3.0	3.0	2.0	4.0	3.0	2.0	2.0	1.0	
2.6667	3.0	2.3333	3.0	3.0	3.0	2.0	4.0	3.0	3.0	2.0	1.0	
2.0	1.6667	2.3333	2.0	2.0	3.0	2.0	1.0	3.0	2.0	2.0	1.0	
2.3333	1.6667	2.6667	3.0	2.0	3.0	2.0	1.0	4.0	2.0	2.0	1.0	
1.6667	3.3333	3.6667	2.0	3.0	4.0	2.0	4.0	4.0	1.0	3.0	3.0	
2.3333	2.3333	2.6667	3.0	3.0	4.0	2.0	2.0	3.0	2.0	2.0	1.0	
2.0	2.3333	3.6667	2.0	3.0	4.0	2.0	2.0	4.0	2.0	2.0	3.0	
2.0	2.6667	3.6667	2.0	3.0	5.0	2.0	3.0	4.0	2.0	2.0	2.0	
2.0	3.0	3.3333	2.0	4.0	5.0	2.0	3.0	3.0	2.0	2.0	2.0	
1.6667	3.3333	3.3333	2.0	4.0	4.0	1.0	4.0	4.0	2.0	2.0	2.0	
1.6667	3.0	3.3333	1.0	3.0	4.0	2.0	3.0	4.0	2.0	3.0	2.0	
2.3333	3.6667	3.6667	2.0	4.0	4.0	3.0	4.0	5.0	2.0	3.0	2.0	
2.0	2.6667	2.3333	2.0	3.0	3.0	2.0	3.0	3.0	2.0	2.0	1.0	
2.3333	2.3333	2.3333	3.0	2.0	2.0	2.0	3.0	4.0	2.0	2.0	1.0	
4.0	3.0	3.0	4.0	3.0	3.0	4.0	4.0	4.0	4.0	2.0	2.0	
2.5	2.0	2.0	3.0	1.0	1.0	2.0	3.0	3.0	
2.5	2.0	2.5	3.0	1.0	2.0	2.0	3.0	3.0	
2.0	2.0	2.5	2.0	1.0	2.0	2.0	3.0	3.0	
2.5	3.0	3.0	2.0	2.0	2.0	3.0	4.0	4.0	
2.0	3.0	3.0	2.0	2.0	2.0	2.0	4.0	4.0	
2.0	3.5	3.0	2.0	3.0	2.0	2.0	4.0	4.0	
2.0	3.5	3.0	2.0	3.0	2.0	2.0	4.0	4.0	
2.0	3.5	2.5	2.0	3.0	2.0	2.0	4.0	3.0	
2.5	1.5	3.0	3.0	1.0	2.0	2.0	2.0	4.0	
4.0	2.5	2.0	4.0	2.0	1.0	4.0	3.0	3.0	
2.0	2.0	2.5	2.0	1.0	2.0	2.0	3.0	3.0	
2.0	2.0	2.5	2.0	1.0	2.0	2.0	3.0	3.0	
2.5	3.0	2.5	3.0	2.0	2.0	2.0	4.0	3.0	
2.5	3.5	3.0	3.0	3.0	2.0	2.0	4.0	4.0	
2.5	2.5	2.5	3.0	2.0	2.0	2.0	3.0	3.0	
2.5	1.5	2.5	3.0	1.0	1.0	2.0	2.0	4.0	
2.0	1.5	2.0	2.0	1.0	2.0	2.0	2.0	2.0	
2.0	3.5	3.5	2.0	3.0	3.0	2.0	4.0	4.0	
2.5	2.0	3.0	3.0	1.0	2.0	2.0	3.0	4.0	
2.0	2.0	3.0	2.0	2.0	2.0	2.0	2.0	4.0	
2.5	1.5	2.0	3.0	1.0	1.0	2.0	2.0	3.0	
2.5	2.0	3.0	3.0	1.0	2.0	2.0	3.0	4.0	
2.5	3.0	3.0	3.0	2.0	2.0	2.0	4.0	4.0	
2.5	2.5	3.5	3.0	2.0	3.0	2.0	3.0	4.0	
2.5	1.5	2.5	3.0	1.0	1.0	2.0	2.0	4.0	
2.5	1.5	2.0	3.0	1.0	1.0	2.0	2.0	3.0	
4.5	3.5	2.5	4.0	3.0	2.0	5.0	4.0	3.0	
4.0	3.0	2.5	4.0	2.0	2.0	4.0	4.0	3.0	
3.5	4.5	2.5	4.0	4.0	2.0	3.0	5.0	3.0	
2.5	2.5	1.5	3.0	2.0	1.0	2.0	3.0	2.0	
4.5	3.0	2.5	4.0	3.0	2.0	5.0	3.0	3.0	
3.0	4.0	2.5	3.0	3.0	2.0	3.0	5.0	3.0	
2.0	2.5	2.5	2.0	3.0	2.0	2.0	2.0	3.0	
3.0	2.5	2.5	3.0	2.0	2.0	3.0	3.0	3.0	
3.0	2.0	2.0	3.0	1.0	1.0	3.0	3.0	3.0	
2.5	2.0	2.0	3.0	2.0	1.0	2.0	2.0	3.0	
3.0	3.5	1.5	3.0	3.0	1.0	3.0	4.0	2.0	
2.5	2.0	2.0	3.0	2.0	1.0	2.0	2.0	3.0	
3.5	3.0	2.5	4.0	3.0	2.0	3.0	3.0	3.0	
3.0	3.0	2.0	3.0	2.0	1.0	3.0	4.0	3.0	
3.5	3.0	2.0	3.0	2.0	1.0	4.0	4.0	3.0	
3.5	3.0	2.5	3.0	2.0	2.0	4.0	4.0	3.0	
4.0	4.0	2.5	4.0	3.0	2.0	4.0	5.0	3.0	
4.0	2.5	2.0	4.0	2.0	1.0	4.0	3.0	3.0	
3.5	3.0	2.5	3.0	2.0	2.0	4.0	4.0	3.0	
3.0	3.5	2.0	3.0	3.0	2.0	3.0	4.0	2.0	
4.0	3.0	2.5	4.0	2.0	2.0	4.0	4.0	3.0	
3.0	2.0	2.5	3.0	2.0	2.0	3.0	2.0	3.0	
3.0	3.0	3.0	3.0	2.0	3.0	3.0	4.0	3.0	
2.5	2.0	1.5	3.0	2.0	1.0	2.0	2.0	2.0	
3.0	3.0	2.5	3.0	2.0	2.0	3.0	4.0	3.0	
3.0	3.0	2.5	3.0	2.0	2.0	3.0	4.0	3.0	
3.5	3.0	3.0	3.0	2.0	3.0	4.0	4.0	3.0	
3.0	3.0	2.5	3.0	2.0	2.0	3.0	4.0	3.0	
3.5	3.0	2.5	3.0	2.0	2.0	4.0	4.0	3.0	
3.5	3.0	2.5	3.0	2.0	2.0	4.0	4.0	3.0	
3.0	3.5	2.0	3.0	3.0	1.0	3.0	4.0	3.0	
3.5	3.0	2.0	3.0	2.0	2.0	4.0	4.0	2.0	
3.0	2.5	2.0	3.0	2.0	2.0	3.0	3.0	2.0	
3.5	2.5	3.0	3.0	2.0	3.0	4.0	3.0	3.0	
3.0	2.5	3.0	3.0	2.0	3.0	3.0	3.0	3.0	
3.0	4.0	2.5	3.0	3.0	2.0	3.0	5.0	3.0	
3.5	3.5	2.5	4.0	2.0	2.0	3.0	5.0	3.0	
4.0	3.5	2.5	4.0	2.0	2.0	4.0	5.0	3.0	
3.5	3.5	2.5	4.0	2.0	2.0	3.0	5.0	3.0	
3.0	3.5	2.5	3.0	2.0	2.0	3.0	5.0	3.0	
3.0	3.5	2.5	3.0	2.0	2.0	3.0	5.0	3.0	
3.0	3.5	2.5	3.0	2.0	2.0	3.0	5.0	3.0	
4.0	3.0	2.5	4.0	2.0	2.0	4.0	4.0	3.0	
4.0	3.0	2.0	4.0	2.0	1.0	4.0	4.0	3.0	
4.0	2.0	1.5	4.0	2.0	1.0	4.0	2.0	2.0	
3.0	1.5	2.5	4.0	1.0	2.0	2.0	2.0	3.0	
2.5	2.0	3.0	3.0	1.0	2.0	2.0	3.0	4.0	
2.5	2.5	2.5	3.0	2.0	2.0	2.0	3.0	3.0	
2.5	3.5	3.5	3.0	3.0	3.0	2.0	4.0	4.0	
2.5	3.5	2.5	3.0	3.0	2.0	2.0	4.0	3.0	
2.5	2.5	3.0	3.0	2.0	2.0	2.0	3.0	4.0	
1.5	4.5	4.0	2.0	4.0	3.0	1.0	5.0	5.0	
1.5	3.5	3.0	2.0	3.0	2.0	1.0	4.0	4.0	
1.5	3.0	3.5	2.0	3.0	3.0	1.0	3.0	4.0	
2.0	4.0	4.0	2.0	3.0	3.0	2.0	5.0	5.0	
2.0	3.5	3.5	2.0	3.0	3.0	2.0	4.0	4.0	
2.0	4.0	3.0	2.0	3.0	2.0	2.0	5.0	4.0	
1.5	4.0	3.5	2.0	3.0	3.0	1.0	5.0	4.0	
1.5	1.5	2.5	2.0	1.0	1.0	1.0	2.0	4.0	
2.0	3.0	2.5	2.0	2.0	2.0	2.0	4.0	3.0	
1.5	2.5	2.5	2.0	2.0	2.0	1.0	3.0	3.0	
1.5	4.5	4.0	2.0	4.0	3.0	1.0	5.0	5.0	
2.5	2.0	2.0	3.0	2.0	1.0	2.0	2.0	3.0	
2.5	2.0	2.5	3.0	2.0	2.0	2.0	2.0	3.0	
3.0	2.5	2.5	4.0	2.0	2.0	2.0	3.0	3.0	
3.5	2.5	2.0	4.0	2.0	1.0	3.0	3.0	3.0	
3.5	2.5	2.0	4.0	2.0	1.0	3.0	3.0	3.0	
2.0	1.5	2.5	2.0	1.0	2.0	2.0	2.0	3.0	
2.0	1.5	2.5	2.0	1.0	1.0	2.0	2.0	4.0	
4.0	2.0	2.0	4.0	2.0	1.0	4.0	2.0	3.0	
4.0	2.0	2.5	4.0	1.0	2.0	4.0	3.0	3.0	
4.0	1.5	3.0	4.0	1.0	2.0	4.0	2.0	4.0	
2.5	2.0	2.5	3.0	1.0	2.0	2.0	3.0	3.0	
2.5	2.5	2.5	3.0	2.0	2.0	2.0	3.0	3.0	
2.0	3.0	2.5	2.0	3.0	2.0	2.0	3.0	3.0	
2.0	3.0	3.0	2.0	3.0	2.0	2.0	3.0	4.0	
2.5	3.0	2.5	3.0	3.0	2.0	2.0	3.0	3.0	
2.5	3.0	2.5	3.0	2.0	2.0	2.0	4.0	3.0	
2.5	2.5	2.0	3.0	2.0	2.0	2.0	3.0	2.0	
2.5	2.0	2.0	3.0	1.0	1.0	2.0	3.0	3.0	
2.0	2.5	2.0	2.0	2.0	1.0	2.0	3.0	3.0	
2.5	2.5	1.5	3.0	1.0	1.0	2.0	4.0	2.0	
2.0	3.5	3.0	2.0	3.0	2.0	2.0	4.0	4.0	
2.5	3.5	2.5	3.0	3.0	2.0	2.0	4.0	3.0	
2.0	3.5	2.5	2.0	3.0	2.0	2.0	4.0	3.0	
2.0	1.5	2.0	3.0	1.0	1.0	1.0	2.0	3.0	
3.0	1.5	2.5	3.0	1.0	2.0	3.0	2.0	3.0	
4.0	2.0	2.0	4.0	2.0	1.0	4.0	2.0	3.0	
4.0	3.0	2.5	4.0	3.0	2.0	4.0	3.0	3.0	
4.0	2.5	2.0	4.0	2.0	1.0	4.0	3.0	3.0	
3.5	1.5	1.5	3.0	1.0	1.0	4.0	2.0	2.0	
3.0	1.5	2.0	3.0	1.0	1.0	3.0	2.0	3.0	
3.5	2.5	2.0	3.0	2.0	1.0	4.0	3.0	3.0	
4.5	3.5	2.5	4.0	3.0	2.0	5.0	4.0	3.0	
4.5	2.5	2.0	4.0	2.0	1.0	5.0	3.0	3.0	
3.5	2.5	2.0	3.0	2.0	1.0	4.0	3.0	3.0	
3.5	2.5	3.0	3.0	2.0	2.0	4.0	3.0	4.0	
2.5	3.5	3.0	3.0	3.0	2.0	2.0	4.0	4.0	
3.0	2.5	2.0	3.0	2.0	1.0	3.0	3.0	3.0	
3.0	2.0	1.5	3.0	2.0	1.0	3.0	2.0	2.0	
3.0	3.0	1.5	3.0	2.0	1.0	3.0	4.0	2.0	
2.5	3.5	3.0	3.0	3.0	2.0	2.0	4.0	4.0	
2.5	3.5	3.0	3.0	3.0	2.0	2.0	4.0	4.0	
2.5	2.5	3.0	3.0	2.0	2.0	2.0	3.0	4.0	
3.0	3.0	2.5	3.0	2.0	2.0	3.0	4.0	3.0	
2.5	3.0	3.0	3.0	2.0	2.0	2.0	4.0	4.0	
2.5	3.5	2.5	3.0	3.0	1.0	2.0	4.0	4.0	
2.5	2.5	2.0	3.0	3.0	1.0	2.0	2.0	3.0	
2.5	2.5	2.0	3.0	2.0	1.0	2.0	3.0	3.0	
2.5	2.5	2.5	3.0	2.0	2.0	2.0	3.0	3.0	
2.5	2.5	2.5	3.0	2.0	2.0	2.0	3.0	3.0	
3.0	2.5	3.0	3.0	2.0	3.0	3.0	3.0	3.0	
3.0	3.0	2.5	3.0	2.0	2.0	3.0	4.0	3.0	
2.5	2.5	2.0	3.0	2.0	2.0	2.0	3.0	2.0	
3.0	2.5	1.5	3.0	2.0	1.0	3.0	3.0	2.0	
3.5	2.5	1.5	4.0	2.0	1.0	3.0	3.0	2.0	
3.5	2.5	2.0	4.0	2.0	1.0	3.0	3.0	3.0	
4.0	2.5	2.0	4.0	2.0	1.0	4.0	3.0	3.0	
2.5	3.0	2.0	3.0	2.0	1.0	2.0	4.0	3.0	
3.5	2.5	1.5	4.0	2.0	1.0	3.0	3.0	2.0	
2.5	2.5	1.5	3.0	2.0	1.0	2.0	3.0	2.0	
2.5	3.0	2.5	3.0	2.0	1.0	2.0	4.0	4.0	
2.5	3.0	3.0	3.0	2.0	2.0	2.0	4.0	4.0	
2.5	3.5	4.0	3.0	3.0	3.0	2.0	4.0	5.0	
1.5	3.5	4.0	2.0	3.0	3.0	1.0	4.0	5.0	
1.5	4.0	4.0	2.0	3.0	3.0	1.0	5.0	5.0	
2.5	1.5	2.5	3.0	1.0	1.0	2.0	2.0	4.0	
2.0	1.5	2.0	3.0	1.0	1.0	1.0	2.0	3.0	
2.0	1.5	2.0	3.0	1.0	1.0	1.0	2.0	3.0	
1.5	3.5	2.0	2.0	3.0	2.0	1.0	4.0	2.0	
2.0	2.0	1.0	3.0	1.0	1.0	1.0	3.0	1.0	
2.0	2.5	2.5	2.0	1.0	2.0	2.0	4.0	3.0	
3.0	1.5	1.5	3.0	1.0	1.0	3.0	2.0	2.0	
3.0	2.5	2.5	3.0	2.0	2.0	3.0	3.0	3.0	
3.5	2.5	2.5	3.0	2.0	2.0	4.0	3.0	3.0	
4.0	2.5	2.5	4.0	2.0	2.0	4.0	3.0	3.0	
4.0	2.0	2.5	4.0	2.0	2.0	4.0	2.0	3.0	
4.0	2.5	2.5	4.0	2.0	2.0	4.0	3.0	3.0	
2.5	2.5	2.0	3.0	2.0	1.0	2.0	3.0	3.0	
4.0	2.5	1.5	4.0	2.0	1.0	4.0	3.0	2.0	
3.0	2.5	2.0	3.0	2.0	1.0	3.0	3.0	3.0	
3.5	3.0	2.5	3.0	2.0	2.0	4.0	4.0	3.0	
3.5	2.5	2.5	3.0	1.0	2.0	4.0	4.0	3.0	
2.0	3.5	1.0	2.0	3.0	1.0	2.0	4.0	1.0	
2.5	3.5	2.0	3.0	3.0	2.0	2.0	4.0	2.0	
2.5	3.5	1.0	3.0	3.0	1.0	2.0	4.0	1.0	
4.0	2.0	2.5	4.0	2.0	2.0	4.0	2.0	3.0	
4.0	2.5	2.5	4.0	2.0	2.0	4.0	3.0	3.0	
4.0	4.0	2.5	4.0	3.0	2.0	4.0	5.0	3.0	
4.0	3.0	2.5	4.0	3.0	2.0	4.0	3.0	3.0	
4.0	3.0	2.5	4.0	3.0	2.0	4.0	3.0	3.0	
2.5	2.0	2.0	3.0	2.0	1.0	2.0	2.0	3.0	
2.5	3.0	2.5	3.0	3.0	2.0	2.0	3.0	3.0	
3.5	3.5	2.5	4.0	3.0	2.0	3.0	4.0	3.0	
4.0	3.5	2.5	4.0	3.0	2.0	4.0	4.0	3.0	
3.5	2.0	2.0	3.0	2.0	1.0	4.0	2.0	3.0	
4.0	2.5	2.5	4.0	2.0	2.0	4.0	3.0	3.0	
4.0	2.0	2.5	4.0	2.0	2.0	4.0	2.0	3.0	
4.0	2.0	2.0	4.0	2.0	1.0	4.0	2.0	3.0	
4.0	2.0	2.5	4.0	2.0	2.0	4.0	2.0	3.0	
3.0	3.0	2.0	3.0	2.0	1.0	3.0	4.0	3.0	
2.5	3.5	2.0	2.0	3.0	1.0	3.0	4.0	3.0	
4.0	2.5	2.5	4.0	3.0	2.0	4.0	2.0	3.0	
4.0	4.0	2.5	4.0	3.0	2.0	4.0	5.0	3.0	
4.0	3.0	3.0	4.0	3.0	3.0	4.0	3.0	3.0	
4.0	3.5	3.0	4.0	3.0	3.0	4.0	4.0	3.0	
3.5	2.0	2.5	3.0	2.0	2.0	4.0	2.0	3.0	
5.0	4.5	2.5	5.0	4.0	2.0	5.0	5.0	3.0	
4.0	3.5	2.5	4.0	3.0	2.0	4.0	4.0	3.0	
3.5	2.0	2.5	3.0	2.0	2.0	4.0	2.0	3.0	
3.5	3.5	2.5	4.0	3.0	2.0	3.0	4.0	3.0	
3.5	2.5	2.0	3.0	2.0	1.0	4.0	3.0	3.0	
4.0	4.0	2.5	4.0	3.0	2.0	4.0	5.0	3.0	
4.0	3.0	2.5	4.0	3.0	2.0	4.0	3.0	3.0	
3.0	3.0	2.5	3.0	3.0	2.0	3.0	3.0	3.0	
2.5	4.0	1.0	3.0	3.0	1.0	2.0	5.0	1.0	
2.5	3.5	1.0	3.0	3.0	1.0	2.0	4.0	1.0	
2.5	3.0	1.0	3.0	2.0	1.0	2.0	4.0	1.0	
2.5	3.5	1.5	3.0	3.0	1.0	2.0	4.0	2.0	
2.5	3.5	1.5	3.0	3.0	1.0	2.0	4.0	2.0	
4.0	3.0	2.0	4.0	3.0	2.0	4.0	3.0	2.0	
3.0	3.0	1.5	3.0	3.0	1.0	3.0	3.0	2.0	
4.5	3.5	2.5	4.0	3.0	2.0	5.0	4.0	3.0	
4.0	3.0	2.0	4.0	2.0	1.0	4.0	4.0	3.0	
4.0	2.5	2.5	4.0	2.0	2.0	4.0	3.0	3.0	
4.0	3.5	2.5	4.0	3.0	2.0	4.0	4.0	3.0	
3.0	2.5	2.0	2.0	3.0	1.0	4.0	2.0	3.0	
3.5	2.5	2.5	3.0	2.0	2.0	4.0	3.0	3.0	
4.0	3.5	2.5	4.0	3.0	2.0	4.0	4.0	3.0	
4.0	3.0	3.0	4.0	3.0	3.0	4.0	3.0	3.0	
3.5	3.5	2.5	3.0	3.0	2.0	4.0	4.0	3.0	
3.5	3.0	2.5	3.0	3.0	2.0	4.0	3.0	3.0	
4.0	2.5	2.0	4.0	2.0	1.0	4.0	3.0	3.0	
4.0	3.0	2.0	4.0	2.0	1.0	4.0	4.0	3.0	
3.5	3.0	2.5	3.0	2.0	2.0	4.0	4.0	3.0	
3.5	2.5	2.5	3.0	2.0	2.0	4.0	3.0	3.0	
4.0	3.0	2.5	4.0	3.0	2.0	4.0	3.0	3.0	
3.5	3.0	2.5	3.0	2.0	2.0	4.0	4.0	3.0	
3.5	2.0	2.5	3.0	2.0	2.0	4.0	2.0	3.0	
4.5	3.5	3.0	4.0	3.0	3.0	5.0	4.0	3.0	
4.0	3.0	2.5	4.0	2.0	2.0	4.0	4.0	3.0	
4.0	3.5	2.5	4.0	3.0	2.0	4.0	4.0	3.0	
4.0	3.5	2.0	4.0	3.0	1.0	4.0	4.0	3.0	
3.5	3.5	2.0	3.0	3.0	2.0	4.0	4.0	2.0	
3.0	3.0	2.5	3.0	3.0	2.0	3.0	3.0	3.0	
3.0	2.0	2.0	3.0	2.0	1.0	3.0	2.0	3.0	
3.5	2.0	2.0	3.0	2.0	1.0	4.0	2.0	3.0	
4.0	2.0	2.0	4.0	2.0	1.0	4.0	2.0	3.0	
3.5	3.0	2.5	3.0	3.0	2.0	4.0	3.0	3.0	
4.0	3.5	2.5	4.0	3.0	2.0	4.0	4.0	3.0	
3.5	3.0	1.5	3.0	3.0	1.0	4.0	3.0	2.0	
4.0	4.5	2.5	4.0	4.0	2.0	4.0	5.0	3.0	
4.0	2.5	2.0	4.0	3.0	1.0	4.0	2.0	3.0	
3.0	2.5	2.5	3.0	3.0	2.0	3.0	2.0	3.0	
4.0	3.0	4.0	4.0	3.0	3.0	4.0	3.0	5.0	
3.5	3.5	4.0	3.0	3.0	4.0	4.0	4.0	4.0	
4.0	3.5	4.0	4.0	2.0	4.0	4.0	5.0	4.0	
2.5	2.5	3.5	3.0	2.0	4.0	2.0	3.0	3.0	
3.5	3.5	4.5	3.0	3.0	4.0	4.0	4.0	5.0	
3.5	2.0	3.5	3.0	2.0	3.0	4.0	2.0	4.0	
3.5	3.0	3.5	3.0	3.0	3.0	4.0	3.0	4.0	
3.5	3.0	4.0	3.0	2.0	4.0	4.0	4.0	4.0	
2.0	2.5	3.5	2.0	3.0	3.0	2.0	2.0	4.0	
2.5	3.0	3.5	2.0	2.0	3.0	3.0	4.0	4.0	
2.0	2.5	3.5	2.0	2.0	3.0	2.0	3.0	4.0	
2.0	4.0	4.5	2.0	4.0	4.0	2.0	4.0	5.0	
2.0	3.0	4.0	2.0	3.0	3.0	2.0	3.0	5.0	
1.5	3.0	4.0	2.0	2.0	3.0	1.0	4.0	5.0	
1.5	3.0	4.5	2.0	2.0	4.0	1.0	4.0	5.0	
2.5	3.0	4.0	2.0	3.0	3.0	3.0	3.0	5.0	
4.0	3.0	4.5	4.0	2.0	4.0	4.0	4.0	5.0	
2.0	2.5	3.5	2.0	2.0	3.0	2.0	3.0	4.0	
1.5	2.5	4.0	2.0	2.0	3.0	1.0	3.0	5.0	
2.0	3.0	4.0	2.0	2.0	3.0	2.0	4.0	5.0	
1.5	2.5	4.5	2.0	2.0	4.0	1.0	3.0	5.0	
1.0	4.5	5.0	1.0	4.0	5.0	1.0	5.0	5.0	
2.5	4.0	5.0	4.0	3.0	5.0	1.0	5.0	5.0	
2.5	3.0	4.5	3.0	2.0	4.0	2.0	4.0	5.0	
2.0	2.5	4.0	3.0	2.0	3.0	1.0	3.0	5.0	
1.5	2.5	4.0	2.0	2.0	3.0	1.0	3.0	5.0	
3.5	2.5	3.5	3.0	2.0	3.0	4.0	3.0	4.0	
2.0	2.5	3.5	2.0	2.0	3.0	2.0	3.0	4.0	
1.5	3.5	4.5	2.0	2.0	4.0	1.0	5.0	5.0	
2.5	3.5	4.0	3.0	3.0	3.0	2.0	4.0	5.0	
3.0	2.5	2.0	3.0	2.0	2.0	3.0	3.0	2.0	
2.5	3.0	3.5	3.0	3.0	4.0	2.0	3.0	3.0	
3.5	3.0	3.5	4.0	2.0	3.0	3.0	4.0	4.0	
3.0	2.0	3.5	3.0	2.0	3.0	3.0	2.0	4.0	
2.5	2.0	4.0	3.0	2.0	4.0	2.0	2.0	4.0	
2.0	3.5	3.5	2.0	3.0	3.0	2.0	4.0	4.0	
1.0	4.0	5.0	1.0	3.0	5.0	1.0	5.0	5.0	
1.0	4.5	5.0	1.0	4.0	5.0	1.0	5.0	5.0	
1.5	2.0	4.5	2.0	2.0	4.0	1.0	2.0	5.0	
4.0	3.5	3.5	4.0	3.0	3.0	4.0	4.0	4.0	
1.0	5.0	5.0	1.0	5.0	5.0	1.0	5.0	5.0	
3.5	3.5	3.0	3.0	3.0	3.0	4.0	4.0	3.0	
2.5	2.5	3.0	3.0	2.0	4.0	2.0	3.0	2.0	
2.5	3.5	3.0	3.0	3.0	3.0	2.0	4.0	3.0	
2.0	3.0	3.5	2.0	3.0	3.0	2.0	3.0	4.0	
2.0	4.0	4.0	2.0	4.0	4.0	2.0	4.0	4.0	
2.0	3.5	3.5	2.0	3.0	3.0	2.0	4.0	4.0	
2.0	2.5	3.0	2.0	2.0	3.0	2.0	3.0	3.0	
2.5	2.5	3.0	3.0	2.0	3.0	2.0	3.0	3.0	
2.0	3.0	4.0	2.0	3.0	4.0	2.0	3.0	4.0	
2.5	3.0	3.5	2.0	3.0	3.0	3.0	3.0	4.0	
3.0	4.0	3.0	3.0	4.0	3.0	3.0	4.0	3.0	
2.5	4.0	3.0	2.0	4.0	3.0	3.0	4.0	3.0	
2.0	4.0	4.0	2.0	4.0	4.0	2.0	4.0	4.0	
1.5	3.5	4.0	2.0	4.0	4.0	1.0	3.0	4.0	
2.0	3.5	4.0	2.0	3.0	3.0	2.0	4.0	5.0	
2.0	3.5	3.5	2.0	3.0	3.0	2.0	4.0	4.0	
3.0	2.5	2.5	3.0	2.0	3.0	3.0	3.0	2.0	
2.5	2.0	3.0	3.0	2.0	2.0	2.0	2.0	4.0	
3.0	4.0	3.5	3.0	4.0	3.0	3.0	4.0	4.0	
3.0	2.5	3.5	3.0	2.0	3.0	3.0	3.0	4.0	
2.0	4.0	4.5	2.0	4.0	4.0	2.0	4.0	5.0	
2.0	4.5	3.5	2.0	4.0	3.0	2.0	5.0	4.0	
2.0	4.5	4.5	2.0	4.0	4.0	2.0	5.0	5.0	
1.5	4.5	4.5	2.0	4.0	4.0	1.0	5.0	5.0	
1.0	4.5	4.5	1.0	4.0	4.0	1.0	5.0	5.0	
2.0	4.0	4.5	2.0	3.0	4.0	2.0	5.0	5.0	
2.0	4.5	4.5	3.0	4.0	4.0	1.0	5.0	5.0	
3.0	4.5	4.5	4.0	4.0	4.0	2.0	5.0	5.0	
4.5	3.5	4.5	4.0	3.0	4.0	5.0	4.0	5.0	
2.5	3.0	3.5	3.0	3.0	3.0	2.0	3.0	4.0	
2.5	3.0	3.0	3.0	2.0	3.0	2.0	4.0	3.0	
2.5	2.5	3.5	2.0	2.0	3.0	3.0	3.0	4.0	
3.0	2.5	3.5	3.0	2.0	3.0	3.0	3.0	4.0	
2.0	3.5	3.5	2.0	3.0	3.0	2.0	4.0	4.0	
1.5	3.0	4.5	2.0	3.0	4.0	1.0	3.0	5.0	
2.0	3.5	4.0	2.0	3.0	3.0	2.0	4.0	5.0	
4.0	3.5	3.5	4.0	3.0	3.0	4.0	4.0	4.0	
1.5	4.0	5.0	2.0	3.0	5.0	1.0	5.0	5.0	
2.0	2.5	3.5	2.0	3.0	3.0	2.0	2.0	4.0	
2.0	3.0	3.5	2.0	3.0	3.0	2.0	3.0	4.0	
1.0	4.5	5.0	1.0	4.0	5.0	1.0	5.0	5.0	
1.5	3.5	4.5	2.0	2.0	4.0	1.0	5.0	5.0	2.0	5.0	4.0	
2.5	3.5	3.5	2.0	3.0	3.0	3.0	4.0	4.0	2.0	3.0	4.0	
3.0	3.0	3.5	3.0	3.0	3.0	3.0	3.0	4.0	2.0	3.0	4.0	
3.0	3.0	3.0	3.0	3.0	3.0	3.0	3.0	3.0	2.0	3.0	4.0	
2.5	3.5	3.5	2.0	3.0	4.0	3.0	4.0	3.0	2.0	2.0	4.0	
2.5	3.0	3.5	3.0	3.0	3.0	2.0	3.0	4.0	3.0	3.0	3.0	
2.5	3.0	4.0	3.0	3.0	3.0	2.0	3.0	5.0	2.0	3.0	4.0	
2.0	3.5	4.0	3.0	4.0	4.0	1.0	3.0	4.0	2.0	4.0	5.0	
1.5	4.0	4.5	2.0	4.0	4.0	1.0	4.0	5.0	2.0	4.0	4.0	
2.5	2.5	4.0	3.0	2.0	3.0	2.0	3.0	5.0	3.0	3.0	4.0	
3.0	3.0	4.0	3.0	3.0	4.0	3.0	3.0	4.0	3.0	3.0	4.0	
2.0	4.0	4.5	2.0	3.0	4.0	2.0	5.0	5.0	2.0	5.0	5.0	
2.5	2.5	4.0	3.0	2.0	3.0	2.0	3.0	5.0	2.0	4.0	4.0	
3.0	2.5	3.5	3.0	2.0	2.0	3.0	3.0	5.0	3.0	3.0	4.0	
2.5	3.0	3.0	3.0	2.0	2.0	2.0	4.0	4.0	3.0	4.0	4.0	
1.5	4.0	4.5	2.0	4.0	4.0	1.0	4.0	5.0	3.0	3.0	4.0	
3.0	3.0	3.0	3.0	3.0	2.0	3.0	3.0	4.0	3.0	3.0	3.0	
3.0	3.0	3.5	3.0	3.0	3.0	3.0	3.0	4.0	3.0	3.0	4.0	
2.5	3.0	4.0	3.0	3.0	3.0	2.0	3.0	5.0	3.0	4.0	3.0	
1.0	4.5	4.5	1.0	4.0	4.0	1.0	5.0	5.0	1.0	5.0	5.0	
1.0	4.0	5.0	1.0	3.0	5.0	1.0	5.0	5.0	2.0	5.0	5.0	
1.0	4.5	5.0	1.0	4.0	5.0	1.0	5.0	5.0	1.0	5.0	4.0	
1.0	5.0	5.0	1.0	5.0	5.0	1.0	5.0	5.0	1.0	5.0	5.0	
3.0	2.5	3.0	3.0	2.0	2.0	3.0	3.0	4.0	3.0	4.0	3.0	
3.0	2.5	3.0	3.0	2.0	3.0	3.0	3.0	3.0	3.0	4.0	4.0	
3.0	3.0	4.0	3.0	3.0	4.0	3.0	3.0	4.0	2.0	3.0	4.0	
3.0	3.0	3.0	3.0	2.0	2.0	3.0	4.0	4.0	2.0	3.0	4.0	
3.0	2.5	3.0	3.0	2.0	2.0	3.0	3.0	4.0	2.0	3.0	3.0	
1.5	3.0	4.5	2.0	3.0	4.0	1.0	3.0	5.0	3.0	3.0	3.0	
1.5	3.5	4.5	2.0	4.0	4.0	1.0	3.0	5.0	3.0	4.0	4.0	
2.5	2.5	4.0	3.0	2.0	3.0	2.0	3.0	5.0	3.0	3.0	4.0	
3.0	3.5	2.5	3.0	3.0	2.0	3.0	4.0	3.0	2.0	4.0	3.0	
2.5	3.5	3.0	3.0	3.0	2.0	2.0	4.0	4.0	3.0	3.0	3.0	
2.5	3.0	3.5	3.0	3.0	3.0	2.0	3.0	4.0	3.0	3.0	4.0	
2.5	3.0	2.5	3.0	3.0	2.0	2.0	3.0	3.0	3.0	3.0	3.0	
2.5	2.5	2.0	3.0	2.0	1.0	2.0	3.0	3.0	2.0	3.0	3.0	
2.5	3.0	3.5	3.0	3.0	3.0	2.0	3.0	4.0	2.0	4.0	3.0	
1.5	4.0	4.5	2.0	4.0	4.0	1.0	4.0	5.0	2.0	4.0	4.0	
2.0	3.5	3.5	2.0	4.0	3.0	2.0	3.0	4.0	2.0	4.0	4.0	
2.0	3.0	3.0	2.0	3.0	2.0	2.0	3.0	4.0	2.0	4.0	4.0	
1.5	4.0	4.5	2.0	4.0	4.0	1.0	4.0	5.0	1.0	4.0	4.0	
2.0	3.0	3.0	2.0	3.0	3.0	2.0	3.0	3.0	2.0	3.0	3.0	
2.0	3.5	4.0	2.0	4.0	4.0	2.0	3.0	4.0	2.0	4.0	4.0	
2.0	3.5	3.5	2.0	3.0	3.0	2.0	4.0	4.0	1.0	4.0	4.0	
2.5	3.0	3.5	3.0	3.0	3.0	2.0	3.0	4.0	2.0	4.0	4.0	
3.5	2.5	3.0	3.0	2.0	3.0	4.0	3.0	3.0	2.0	4.0	4.0	
2.0	3.5	4.0	2.0	3.0	4.0	2.0	4.0	4.0	1.0	4.0	4.0	
2.5	4.0	3.0	2.0	4.0	2.0	3.0	4.0	4.0	1.0	4.0	3.0	
2.5	3.5	4.0	3.0	4.0	4.0	2.0	3.0	4.0	2.0	5.0	5.0	
1.5	4.5	4.5	2.0	4.0	4.0	1.0	5.0	5.0	1.0	5.0	5.0	
2.0	3.5	3.5	2.0	3.0	3.0	2.0	4.0	4.0	1.0	5.0	5.0	
1.5	4.5	4.0	2.0	4.0	3.0	1.0	5.0	5.0	1.0	5.0	5.0	
1.5	4.0	4.5	2.0	4.0	4.0	1.0	4.0	5.0	1.0	4.0	4.0	
2.5	2.5	3.0	3.0	2.0	2.0	2.0	3.0	4.0	2.0	4.0	4.0	
2.0	2.5	3.0	2.0	3.0	2.0	2.0	2.0	4.0	2.0	4.0	4.0	
1.5	4.0	4.0	1.0	4.0	3.0	2.0	4.0	5.0	2.0	3.0	4.0	
1.5	4.0	4.5	2.0	3.0	4.0	1.0	5.0	5.0	1.0	5.0	5.0	
3.0	3.0	4.0	4.0	4.0	4.0	2.0	2.0	4.0	3.0	4.0	3.0	
2.5	4.0	4.0	3.0	4.0	4.0	2.0	4.0	4.0	3.0	3.0	3.0	
2.5	3.0	3.0	3.0	3.0	2.0	2.0	3.0	4.0	2.0	3.0	3.0	
2.0	4.0	4.0	2.0	4.0	4.0	2.0	4.0	4.0	2.0	4.0	4.0	
1.5	3.0	4.0	1.0	2.0	3.0	2.0	4.0	5.0	1.0	4.0	3.0	
1.5	3.5	4.5	2.0	3.0	4.0	1.0	4.0	5.0	1.0	4.0	4.0	
1.5	4.5	4.5	2.0	4.0	4.0	1.0	5.0	5.0	1.0	4.0	4.0	
1.0	3.5	4.5	1.0	4.0	4.0	1.0	3.0	5.0	1.0	4.0	4.0	
3.0	2.5	2.5	3.0	2.0	2.0	3.0	3.0	3.0	4.0	2.0	1.0	
2.0	3.5	3.5	2.0	3.0	3.0	2.0	4.0	4.0	2.0	4.0	2.0	
2.0	4.0	4.0	2.0	3.0	4.0	2.0	5.0	4.0	2.0	5.0	4.0	
2.0	3.0	3.5	2.0	2.0	3.0	2.0	4.0	4.0	2.0	3.0	2.0	
2.5	3.5	3.0	3.0	2.0	3.0	2.0	5.0	3.0	2.0	3.0	3.0	
1.5	3.0	4.5	2.0	2.0	4.0	1.0	4.0	5.0	2.0	3.0	4.0	
2.5	2.5	2.5	3.0	2.0	2.0	2.0	3.0	3.0	2.0	2.0	3.0	
2.0	3.5	4.0	2.0	3.0	3.0	2.0	4.0	5.0	2.0	3.0	3.0	
2.0	3.0	2.5	2.0	2.0	2.0	2.0	4.0	3.0	2.0	2.0	2.0	
2.5	2.5	2.5	3.0	2.0	2.0	2.0	3.0	3.0	2.0	2.0	2.0	
2.5	2.5	3.0	3.0	2.0	3.0	2.0	3.0	3.0	2.0	3.0	4.0	
2.0	3.5	2.5	2.0	3.0	2.0	2.0	4.0	3.0	2.0	3.0	3.0	
2.5	2.0	2.5	3.0	2.0	2.0	2.0	2.0	3.0	2.0	2.0	3.0	
3.0	3.5	3.5	3.0	3.0	3.0	3.0	4.0	4.0	2.0	2.0	2.0	
4.0	3.0	3.0	4.0	3.0	3.0	4.0	3.0	3.0	3.0	3.0	3.0	
2.5	2.0	2.5	3.0	2.0	2.0	2.0	2.0	3.0	2.0	2.0	2.0	
4.0	3.0	3.0	4.0	3.0	3.0	4.0	3.0	3.0	4.0	3.0	4.0	
4.0	3.5	3.0	4.0	3.0	3.0	4.0	4.0	3.0	4.0	3.0	4.0	
4.5	3.5	3.0	4.0	2.0	2.0	5.0	5.0	4.0	4.0	3.0	2.0	
3.0	3.0	3.0	3.0	3.0	2.0	3.0	3.0	4.0	3.0	2.0	4.0	
3.5	2.5	3.0	3.0	3.0	2.0	4.0	2.0	4.0	3.0	3.0	4.0	
4.0	2.0	3.5	4.0	2.0	3.0	4.0	2.0	4.0	4.0	3.0	2.0	
3.0	2.5	2.5	3.0	2.0	2.0	3.0	3.0	3.0	1.0	2.0	1.0	
2.0	2.0	3.5	2.0	2.0	3.0	2.0	2.0	4.0	1.0	2.0	1.0	
2.5	2.5	2.5	3.0	2.0	2.0	2.0	3.0	3.0	1.0	1.0	1.0	
2.0	2.5	3.0	2.0	3.0	3.0	2.0	2.0	3.0	1.0	2.0	1.0	
1.5	2.5	3.0	2.0	3.0	2.0	1.0	2.0	4.0	1.0	2.0	1.0	
2.5	2.0	2.0	3.0	2.0	2.0	2.0	2.0	2.0	2.0	3.0	2.0	
1.5	2.0	2.0	2.0	2.0	2.0	1.0	2.0	2.0	2.0	2.0	1.0	
2.0	3.0	3.0	2.0	3.0	3.0	2.0	3.0	3.0	1.0	2.0	1.0	
1.5	3.5	3.5	2.0	3.0	3.0	1.0	4.0	4.0	1.0	2.0	1.0	
2.0	2.5	3.5	2.0	3.0	3.0	2.0	2.0	4.0	1.0	2.0	1.0	
2.0	2.0	2.5	2.0	2.0	2.0	2.0	2.0	3.0	1.0	2.0	1.0	
2.5	2.5	3.5	3.0	2.0	3.0	2.0	3.0	4.0	3.0	2.0	2.0	
3.0	1.5	1.5	3.0	2.0	1.0	3.0	1.0	2.0	1.0	2.0	1.0	
1.5	3.0	3.5	2.0	3.0	3.0	1.0	3.0	4.0	1.0	2.0	2.0	
2.0	2.0	3.5	2.0	2.0	3.0	2.0	2.0	4.0	1.0	2.0	2.0	
2.0	2.0	2.5	2.0	2.0	2.0	2.0	2.0	3.0	2.0	2.0	1.0	
2.5	3.0	3.5	3.0	2.0	3.0	2.0	4.0	4.0	1.0	2.0	1.0	
3.0	2.0	3.0	3.0	2.0	2.0	3.0	2.0	4.0	1.0	3.0	2.0	
3.0	2.0	3.5	3.0	2.0	3.0	3.0	2.0	4.0	2.0	1.0	1.0	
3.0	2.0	3.0	3.0	2.0	3.0	3.0	2.0	3.0	2.0	2.0	1.0	
3.5	1.5	3.0	4.0	2.0	3.0	3.0	1.0	3.0	1.0	1.0	1.0	
2.5	2.5	2.5	3.0	3.0	3.0	2.0	2.0	2.0	2.0	2.0	1.0	
3.5	3.0	2.5	3.0	3.0	2.0	4.0	3.0	3.0	2.0	2.0	1.0	
1.5	2.5	3.5	2.0	3.0	3.0	1.0	2.0	4.0	1.0	2.0	2.0	
1.5	2.5	1.5	2.0	2.0	2.0	1.0	3.0	1.0	1.0	1.0	1.0	
3.0	2.5	3.5	3.0	3.0	3.0	3.0	2.0	4.0	2.0	2.0	1.0	
3.5	3.0	2.5	3.0	2.0	2.0	4.0	4.0	3.0	4.0	2.0	2.0	
4.0	3.5	3.0	4.0	2.0	2.0	4.0	5.0	4.0	4.0	3.0	2.0	
2.5	3.0	3.0	3.0	2.0	2.0	2.0	4.0	4.0	4.0	3.0	2.0	
3.5	3.0	3.0	3.0	2.0	3.0	4.0	4.0	3.0	4.0	3.0	3.0	
4.0	3.5	3.5	4.0	3.0	3.0	4.0	4.0	4.0	4.0	4.0	3.0	
4.5	4.5	4.0	4.0	4.0	3.0	5.0	5.0	5.0	5.0	5.0	3.0	
4.0	4.5	4.5	4.0	4.0	4.0	4.0	5.0	5.0	4.0	4.0	3.0	
5.0	4.0	4.5	5.0	3.0	4.0	5.0	5.0	5.0	5.0	5.0	4.0	
4.0	3.5	4.0	4.0	3.0	4.0	4.0	4.0	4.0	5.0	4.0	4.0	
4.0	3.5	3.0	4.0	3.0	3.0	4.0	4.0	3.0	4.0	3.0	3.0	
3.5	4.5	4.0	3.0	4.0	4.0	4.0	5.0	4.0	5.0	5.0	5.0	
4.5	3.5	4.0	4.0	3.0	4.0	5.0	4.0	4.0	5.0	4.0	4.0	
4.0	3.5	4.0	4.0	3.0	4.0	4.0	4.0	4.0	4.0	4.0	4.0	
4.5	3.5	4.0	4.0	2.0	3.0	5.0	5.0	5.0	4.0	5.0	4.0	
4.5	4.0	4.0	4.0	3.0	3.0	5.0	5.0	5.0	4.0	4.0	4.0	
4.5	4.5	4.5	4.0	4.0	4.0	5.0	5.0	5.0	5.0	5.0	4.0	
4.5	4.0	4.0	4.0	3.0	3.0	5.0	5.0	5.0	4.0	3.0	3.0	
3.0	2.0	2.5	3.0	2.0	2.0	3.0	2.0	3.0	4.0	3.0	4.0	
3.5	2.5	3.0	3.0	2.0	2.0	4.0	3.0	4.0	4.0	3.0	3.0	
4.0	4.0	3.5	4.0	3.0	3.0	4.0	5.0	4.0	4.0	4.0	4.0	
4.0	3.0	2.5	4.0	2.0	2.0	4.0	4.0	3.0	4.0	4.0	3.0	
3.5	3.0	3.5	3.0	3.0	3.0	4.0	3.0	4.0	4.0	4.0	3.0	
4.5	4.0	3.5	4.0	3.0	3.0	5.0	5.0	4.0	5.0	4.0	3.0	
4.0	4.5	4.0	4.0	4.0	4.0	4.0	5.0	4.0	5.0	5.0	3.0	
4.0	3.0	3.0	4.0	2.0	2.0	4.0	4.0	4.0	4.0	4.0	3.0	
4.0	3.5	3.0	4.0	3.0	3.0	4.0	4.0	3.0	5.0	4.0	3.0	
4.0	3.5	3.5	4.0	3.0	3.0	4.0	4.0	4.0	5.0	4.0	3.0	
4.0	3.0	2.5	4.0	2.0	2.0	4.0	4.0	3.0	4.0	3.0	3.0	
3.5	3.5	3.0	3.0	3.0	3.0	4.0	4.0	3.0	4.0	4.0	4.0	
3.5	2.5	2.5	3.0	2.0	2.0	4.0	3.0	3.0	4.0	2.0	3.0	
3.5	2.5	2.5	3.0	2.0	2.0	4.0	3.0	3.0	4.0	3.0	3.0	
3.5	4.0	4.0	3.0	3.0	4.0	4.0	5.0	4.0	4.0	3.0	3.0	
4.5	4.5	4.0	4.0	4.0	4.0	5.0	5.0	4.0	5.0	4.0	3.0	
4.0	4.0	3.0	4.0	4.0	3.0	4.0	4.0	3.0	5.0	3.0	3.0	
5.0	4.5	4.5	5.0	4.0	4.0	5.0	5.0	5.0	5.0	3.0	3.0	
4.0	4.0	3.5	4.0	4.0	4.0	4.0	4.0	3.0	4.0	4.0	3.0	
3.5	2.5	2.5	3.0	2.0	2.0	4.0	3.0	3.0	4.0	3.0	2.0	
4.0	4.0	3.5	4.0	4.0	3.0	4.0	4.0	4.0	5.0	4.0	2.0	
4.5	4.0	3.5	4.0	3.0	3.0	5.0	5.0	4.0	5.0	4.0	2.0	
4.0	3.0	3.0	4.0	2.0	2.0	4.0	4.0	4.0	4.0	4.0	3.0	
4.0	2.5	3.0	4.0	2.0	2.0	4.0	3.0	4.0	4.0	3.0	2.0	
3.0	3.0	3.0	3.0	3.0	2.0	3.0	3.0	4.0	4.0	2.0	2.0	
3.5	2.5	3.0	3.0	2.0	2.0	4.0	3.0	4.0	4.0	3.0	3.0	
4.5	4.0	3.5	4.0	3.0	3.0	5.0	5.0	4.0	4.0	3.0	2.0	
4.0	4.0	3.0	4.0	4.0	3.0	4.0	4.0	3.0	4.0	3.0	3.0	
3.0	2.0	2.5	3.0	2.0	2.0	3.0	2.0	3.0	3.0	3.0	3.0	
3.5	3.0	2.5	3.0	3.0	2.0	4.0	3.0	3.0	4.0	3.0	3.0	
3.5	3.0	3.5	3.0	2.0	3.0	4.0	4.0	4.0	4.0	2.0	2.0	
3.5	3.0	3.5	3.0	3.0	3.0	4.0	3.0	4.0	5.0	3.0	2.0	
3.5	4.5	4.0	3.0	4.0	4.0	4.0	5.0	4.0	5.0	3.0	2.0	
4.5	3.5	3.5	4.0	3.0	3.0	5.0	4.0	4.0	4.0	3.0	3.0	
4.0	3.0	3.0	4.0	2.0	2.0	4.0	4.0	4.0	4.0	3.0	3.0	
4.0	2.5	3.0	4.0	2.0	2.0	4.0	3.0	4.0	4.0	2.0	3.0	
2.5	2.5	3.5	3.0	2.0	3.0	2.0	3.0	4.0	4.0	3.0	2.0	
2.5	3.0	3.5	3.0	3.0	3.0	2.0	3.0	4.0	3.0	3.0	2.0	
2.5	2.5	3.0	3.0	2.0	3.0	2.0	3.0	3.0	3.0	3.0	2.0	
2.5	2.0	3.0	3.0	2.0	3.0	2.0	2.0	3.0	3.0	2.0	2.0	
2.5	2.5	2.5	3.0	3.0	2.0	2.0	2.0	3.0	3.0	2.0	2.0	
3.0	2.0	2.5	3.0	2.0	2.0	3.0	2.0	3.0	4.0	3.0	3.0	
2.5	2.0	3.0	3.0	2.0	3.0	2.0	2.0	3.0	4.0	2.0	2.0	
3.0	3.0	2.5	3.0	3.0	3.0	3.0	3.0	2.0	3.0	2.0	2.0	
3.0	3.5	3.0	3.0	3.0	3.0	3.0	4.0	3.0	3.0	2.0	2.0	
2.5	2.5	3.5	3.0	2.0	4.0	2.0	3.0	3.0	3.0	3.0	2.0	
2.5	3.0	3.5	3.0	3.0	4.0	2.0	3.0	3.0	4.0	3.0	4.0	
2.5	3.5	3.5	3.0	4.0	4.0	2.0	3.0	3.0	3.0	4.0	4.0	
2.5	3.0	3.5	3.0	3.0	3.0	2.0	3.0	4.0	3.0	3.0	2.0	
2.5	3.0	2.5	3.0	3.0	3.0	2.0	3.0	2.0	3.0	2.0	2.0	
3.0	2.5	3.5	3.0	2.0	3.0	3.0	3.0	4.0	3.0	3.0	2.0	
3.0	2.5	2.5	3.0	2.0	3.0	3.0	3.0	2.0	3.0	3.0	2.0	
2.5	2.5	2.5	3.0	2.0	3.0	2.0	3.0	2.0	3.0	3.0	2.0	
3.0	3.0	2.5	3.0	3.0	3.0	3.0	3.0	2.0	3.0	4.0	3.0	
2.5	3.5	3.5	3.0	4.0	4.0	2.0	3.0	3.0	4.0	3.0	4.0	
2.5	3.0	4.0	3.0	3.0	4.0	2.0	3.0	4.0	4.0	3.0	4.0	
2.5	3.0	3.5	3.0	3.0	4.0	2.0	3.0	3.0	3.0	3.0	4.0	
3.5	2.5	3.0	4.0	3.0	3.0	3.0	2.0	3.0	3.0	3.0	4.0	
3.0	3.0	3.5	3.0	4.0	4.0	3.0	2.0	3.0	4.0	3.0	4.0	
4.0	3.5	3.0	4.0	3.0	2.0	4.0	4.0	4.0	4.0	4.0	3.0	
4.0	3.0	2.5	4.0	3.0	2.0	4.0	3.0	3.0	3.0	2.0	3.0	
3.0	3.5	3.0	3.0	4.0	3.0	3.0	3.0	3.0	3.0	2.0	2.0	
2.5	2.5	3.5	3.0	3.0	3.0	2.0	2.0	4.0	2.0	1.0	1.0	
2.5	4.0	3.5	3.0	4.0	3.0	2.0	4.0	4.0	1.0	3.0	1.0	
2.5	3.0	3.5	3.0	3.0	3.0	2.0	3.0	4.0	1.0	2.0	1.0	
1.5	3.5	4.5	2.0	3.0	4.0	1.0	4.0	5.0	2.0	4.0	2.0	
2.5	4.0	4.0	3.0	4.0	4.0	2.0	4.0	4.0	2.0	3.0	2.0	
2.0	4.0	4.5	2.0	4.0	4.0	2.0	4.0	5.0	2.0	4.0	3.0	
2.0	4.0	4.0	2.0	4.0	4.0	2.0	4.0	4.0	3.0	4.0	4.0	
1.5	4.5	4.0	2.0	4.0	4.0	1.0	5.0	4.0	2.0	4.0	4.0	
1.5	4.5	4.0	2.0	4.0	3.0	1.0	5.0	5.0	2.0	1.0	4.0	
2.0	4.5	4.5	3.0	4.0	4.0	1.0	5.0	5.0	2.0	4.0	4.0	
1.5	3.5	4.5	2.0	3.0	4.0	1.0	4.0	5.0	2.0	2.0	2.0	
2.5	4.0	4.0	2.0	4.0	4.0	3.0	4.0	4.0	4.0	4.0	3.0	
2.5	3.0	3.0	3.0	3.0	2.0	2.0	3.0	4.0	4.0	4.0	3.0	
1.5	3.0	4.0	2.0	3.0	4.0	1.0	3.0	4.0	2.0	4.0	4.0	
2.5	2.5	2.5	3.0	2.0	2.0	2.0	3.0	3.0	2.0	3.0	4.0	
2.0	4.5	4.5	2.0	4.0	4.0	2.0	5.0	5.0	2.0	4.0	4.0	
2.0	4.0	4.0	2.0	4.0	4.0	2.0	4.0	4.0	3.0	4.0	4.0	
2.0	3.5	4.0	2.0	3.0	4.0	2.0	4.0	4.0	2.0	3.0	4.0	
1.5	5.0	4.5	2.0	5.0	4.0	1.0	5.0	5.0	1.0	4.0	3.0	
2.0	4.5	4.5	3.0	4.0	4.0	1.0	5.0	5.0	2.0	4.0	3.0	
2.0	3.5	3.5	2.0	3.0	4.0	2.0	4.0	3.0	2.0	3.0	3.0	
2.5	3.5	3.0	3.0	3.0	3.0	2.0	4.0	3.0	2.0	4.0	2.0	
2.5	3.0	3.0	3.0	2.0	2.0	2.0	4.0	4.0	2.0	2.0	1.0	
2.0	4.5	5.0	3.0	4.0	5.0	1.0	5.0	5.0	2.0	4.0	4.0	
2.0	4.0	3.5	2.0	4.0	4.0	2.0	4.0	3.0	2.0	3.0	2.0	
4.5	4.5	1.0	3.0	3.0	2.0	6.0	6.0	-1.0	1.0	2.0	1.0	
3.0	3.0	3.0	3.0	2.0	3.0	3.0	4.0	3.0	4.0	3.0	3.0	
3.0	2.5	3.5	3.0	2.0	3.0	3.0	3.0	4.0	2.0	3.0	3.0	
3.0	2.5	3.5	3.0	2.0	3.0	3.0	3.0	4.0	3.0	3.0	3.0	
3.0	3.5	2.5	3.0	3.0	2.0	3.0	4.0	3.0	3.0	3.0	3.0	
3.0	3.0	3.5	3.0	3.0	3.0	3.0	3.0	4.0	4.0	3.0	3.0	
2.5	2.5	3.0	2.0	2.0	3.0	3.0	3.0	3.0	3.0	3.0	3.0	
2.5	2.5	3.0	2.0	3.0	3.0	3.0	2.0	3.0	3.0	3.0	3.0	
2.5	2.0	3.0	2.0	2.0	3.0	3.0	2.0	3.0	3.0	3.0	3.0	
2.0	2.5	3.5	2.0	2.0	3.0	2.0	3.0	4.0	3.0	3.0	3.0	
2.0	3.0	4.0	2.0	2.0	3.0	2.0	4.0	5.0	3.0	4.0	3.0	
2.0	3.0	3.5	2.0	2.0	3.0	2.0	4.0	4.0	3.0	4.0	3.0	
3.5	3.0	3.5	3.0	3.0	4.0	4.0	3.0	3.0	4.0	3.0	3.0	
3.0	3.5	3.5	3.0	3.0	3.0	3.0	4.0	4.0	3.0	3.0	3.0	
3.0	2.5	3.5	3.0	2.0	3.0	3.0	3.0	4.0	3.0	3.0	3.0	
3.0	2.5	3.0	3.0	2.0	3.0	3.0	3.0	3.0	3.0	3.0	3.0	
2.5	3.5	4.0	2.0	4.0	4.0	3.0	3.0	4.0	3.0	4.0	3.0	
2.5	3.0	4.0	2.0	3.0	4.0	3.0	3.0	4.0	3.0	3.0	3.0	
2.5	3.0	3.0	3.0	3.0	4.0	2.0	3.0	2.0	3.0	3.0	4.0	
3.0	3.0	3.5	3.0	3.0	4.0	3.0	3.0	3.0	3.0	3.0	3.0	
2.0	4.0	4.0	2.0	4.0	4.0	2.0	4.0	4.0	3.0	4.0	3.0	
3.5	3.5	4.0	4.0	3.0	4.0	3.0	4.0	4.0	3.0	3.0	4.0	
3.0	2.5	3.0	3.0	2.0	3.0	3.0	3.0	3.0	3.0	3.0	3.0	
3.0	2.5	3.0	3.0	2.0	2.0	3.0	3.0	4.0	3.0	3.0	4.0	
3.0	2.5	3.0	3.0	2.0	3.0	3.0	3.0	3.0	3.0	3.0	4.0	
3.0	3.0	3.5	3.0	2.0	3.0	3.0	4.0	4.0	3.0	3.0	3.0	
3.0	3.0	3.0	3.0	2.0	3.0	3.0	4.0	3.0	4.0	3.0	4.0	
3.0	2.0	3.0	3.0	2.0	3.0	3.0	2.0	3.0	3.0	3.0	3.0	
3.0	2.5	2.5	3.0	2.0	2.0	3.0	3.0	3.0	3.0	3.0	3.0	
2.5	2.0	3.0	3.0	2.0	3.0	2.0	2.0	3.0	3.0	3.0	3.0	
2.5	2.5	2.5	3.0	3.0	2.0	2.0	2.0	3.0	3.0	3.0	3.0	
2.5	2.5	3.5	3.0	2.0	3.0	2.0	3.0	4.0	3.0	3.0	3.0	
2.5	3.0	2.5	3.0	3.0	2.0	2.0	3.0	3.0	3.0	3.0	3.0	
2.0	2.5	3.5	2.0	2.0	3.0	2.0	3.0	4.0	3.0	3.0	3.0	
3.0	2.5	3.0	3.0	2.0	2.0	3.0	3.0	4.0	3.0	3.0	3.0	
2.0	3.5	3.5	2.0	3.0	3.0	2.0	4.0	4.0	3.0	4.0	3.0	
2.5	2.5	3.5	3.0	2.0	3.0	2.0	3.0	4.0	2.0	3.0	3.0	
3.0	2.5	3.5	3.0	2.0	3.0	3.0	3.0	4.0	3.0	3.0	3.0	
2.5	2.5	3.0	3.0	2.0	3.0	2.0	3.0	3.0	3.0	3.0	4.0	
1.5	3.5	4.5	2.0	3.0	4.0	1.0	4.0	5.0	2.0	4.0	4.0	
1.5	4.0	4.5	2.0	3.0	4.0	1.0	5.0	5.0	2.0	4.0	4.0	
1.0	4.0	4.5	1.0	4.0	4.0	1.0	4.0	5.0	2.0	4.0	4.0	
1.0	4.0	5.0	1.0	3.0	5.0	1.0	5.0	5.0	1.0	5.0	4.0	
1.5	4.0	4.5	2.0	4.0	4.0	1.0	4.0	5.0	2.0	4.0	4.0	
1.0	4.5	5.0	1.0	4.0	5.0	1.0	5.0	5.0	2.0	3.0	3.0	
1.0	4.5	5.0	1.0	4.0	5.0	1.0	5.0	5.0	1.0	5.0	5.0	
1.0	4.5	4.5	1.0	4.0	4.0	1.0	5.0	5.0	1.0	5.0	5.0	
1.0	4.0	5.0	1.0	3.0	5.0	1.0	5.0	5.0	1.0	5.0	5.0	
1.5	3.0	4.0	2.0	2.0	3.0	1.0	4.0	5.0	2.0	3.0	4.0	
1.5	4.0	4.5	2.0	3.0	4.0	1.0	5.0	5.0	1.0	3.0	4.0	
1.5	4.5	5.0	2.0	4.0	5.0	1.0	5.0	5.0	2.0	4.0	4.0	
1.0	4.5	5.0	1.0	4.0	5.0	1.0	5.0	5.0	1.0	5.0	5.0	
1.0	5.0	5.0	1.0	5.0	5.0	1.0	5.0	5.0	2.0	5.0	5.0	
1.5	4.0	4.5	2.0	3.0	4.0	1.0	5.0	5.0	2.0	2.0	3.0	
2.5	2.0	3.0	3.0	2.0	2.0	2.0	2.0	4.0	3.0	3.0	2.0	
2.0	3.5	4.5	2.0	4.0	4.0	2.0	3.0	5.0	2.0	4.0	3.0	
1.5	4.0	3.5	2.0	3.0	3.0	1.0	5.0	4.0	2.0	3.0	3.0	
2.0	3.5	3.5	2.0	3.0	3.0	2.0	4.0	4.0	2.0	3.0	3.0	
1.5	3.5	4.5	2.0	3.0	4.0	1.0	4.0	5.0	2.0	2.0	3.0	
2.0	3.0	3.5	2.0	2.0	3.0	2.0	4.0	4.0	2.0	3.0	3.0	
1.5	4.0	4.5	2.0	4.0	4.0	1.0	4.0	5.0	2.0	4.0	4.0	
1.5	4.0	4.5	2.0	4.0	4.0	1.0	4.0	5.0	2.0	4.0	3.0	
1.0	3.5	5.0	1.0	3.0	5.0	1.0	4.0	5.0	1.0	4.0	5.0	
1.5	4.0	4.5	2.0	4.0	4.0	1.0	4.0	5.0	2.0	4.0	4.0	
2.0	4.5	4.0	2.0	4.0	4.0	2.0	5.0	4.0	1.0	4.0	4.0	
1.5	5.0	4.5	2.0	5.0	4.0	1.0	5.0	5.0	1.0	4.0	5.0	
1.5	4.0	4.0	2.0	4.0	4.0	1.0	4.0	4.0	2.0	3.0	3.0	
1.5	4.5	4.5	2.0	4.0	4.0	1.0	5.0	5.0	1.0	3.0	3.0	
1.5	4.0	4.5	2.0	4.0	4.0	1.0	4.0	5.0	1.0	4.0	2.0	
1.5	2.5	3.0	2.0	2.0	1.0	1.0	3.0	5.0	1.0	2.0	1.0	
1.0	5.0	4.5	1.0	5.0	4.0	1.0	5.0	5.0	1.0	5.0	3.0	
3.0	2.5	2.0	3.0	2.0	2.0	3.0	3.0	2.0	4.0	2.0	4.0	
3.0	2.0	2.5	3.0	2.0	2.0	3.0	2.0	3.0	3.0	2.0	3.0	
3.0	2.0	2.5	3.0	2.0	2.0	3.0	2.0	3.0	3.0	2.0	2.0	
2.5	2.0	2.5	3.0	2.0	2.0	2.0	2.0	3.0	2.0	2.0	2.0	
2.5	2.0	2.0	3.0	2.0	2.0	2.0	2.0	2.0	3.0	4.0	3.0	
2.5	2.0	3.5	3.0	2.0	3.0	2.0	2.0	4.0	2.0	2.0	3.0	
3.0	2.0	2.5	3.0	2.0	2.0	3.0	2.0	3.0	3.0	2.0	2.0	
3.0	2.0	3.0	3.0	2.0	2.0	3.0	2.0	4.0	3.0	2.0	2.0	
2.5	2.0	2.5	3.0	2.0	2.0	2.0	2.0	3.0	3.0	2.0	2.0	
2.5	3.0	3.0	3.0	3.0	3.0	2.0	3.0	3.0	3.0	4.0	4.0	
2.5	3.0	3.0	3.0	4.0	3.0	2.0	2.0	3.0	3.0	3.0	2.0	
2.5	2.0	2.5	3.0	2.0	2.0	2.0	2.0	3.0	3.0	3.0	3.0	
2.5	2.5	2.5	3.0	2.0	2.0	2.0	3.0	3.0	3.0	2.0	3.0	
2.5	3.0	3.0	3.0	3.0	3.0	2.0	3.0	3.0	3.0	3.0	2.0	
3.0	2.5	2.5	3.0	2.0	2.0	3.0	3.0	3.0	3.0	3.0	2.0	
3.0	2.5	2.5	3.0	2.0	2.0	3.0	3.0	3.0	3.0	2.0	2.0	
3.0	2.0	2.5	3.0	2.0	2.0	3.0	2.0	3.0	3.0	2.0	2.0	
2.5	3.0	3.0	3.0	3.0	3.0	2.0	3.0	3.0	3.0	3.0	2.0	
2.5	3.0	3.0	3.0	3.0	3.0	2.0	3.0	3.0	3.0	2.0	2.0	
3.0	2.5	3.0	3.0	3.0	3.0	3.0	2.0	3.0	3.0	2.0	2.0	
2.5	2.5	3.5	3.0	3.0	3.0	2.0	2.0	4.0	4.0	3.0	2.0	
2.5	2.0	2.5	3.0	2.0	2.0	2.0	2.0	3.0	3.0	2.0	2.0	
2.5	2.0	2.5	3.0	2.0	2.0	2.0	2.0	3.0	3.0	2.0	2.0	
3.0	2.0	2.5	3.0	2.0	2.0	3.0	2.0	3.0	3.0	2.0	2.0	
3.0	2.0	3.0	3.0	2.0	3.0	3.0	2.0	3.0	3.0	3.0	4.0	
2.5	2.0	2.5	3.0	2.0	2.0	2.0	2.0	3.0	3.0	3.0	2.0	
3.0	3.0	3.0	3.0	3.0	3.0	3.0	3.0	3.0	3.0	2.0	2.0	
3.0	2.0	2.5	3.0	2.0	2.0	3.0	2.0	3.0	3.0	2.0	2.0	
3.0	2.0	2.5	3.0	2.0	2.0	3.0	2.0	3.0	3.0	4.0	3.0	
3.0	2.5	2.0	3.0	3.0	2.0	3.0	2.0	2.0	1.0	2.0	1.0	
3.0	2.0	3.0	3.0	3.0	3.0	3.0	1.0	3.0	1.0	2.0	1.0	
2.5	2.0	2.0	3.0	2.0	2.0	2.0	2.0	2.0	2.0	2.0	1.0	
2.5	2.5	2.5	3.0	3.0	2.0	2.0	2.0	3.0	1.0	2.0	1.0	
2.0	3.0	3.5	2.0	3.0	3.0	2.0	3.0	4.0	1.0	2.0	1.0	
2.0	2.5	3.0	2.0	2.0	3.0	2.0	3.0	3.0	2.0	2.0	1.0	
1.5	2.5	3.5	2.0	3.0	4.0	1.0	2.0	3.0	1.0	2.0	1.0	
2.0	2.0	2.5	2.0	2.0	2.0	2.0	2.0	3.0	1.0	1.0	1.0	
2.0	2.0	3.0	2.0	2.0	2.0	2.0	2.0	4.0	1.0	1.0	1.0	
1.5	2.5	2.5	2.0	3.0	2.0	1.0	2.0	3.0	2.0	1.0	1.0	
1.5	3.0	3.0	2.0	4.0	2.0	1.0	2.0	4.0	1.0	2.0	1.0	
2.0	2.5	3.0	2.0	3.0	3.0	2.0	2.0	3.0	1.0	1.0	1.0	
3.0	2.0	2.5	3.0	2.0	2.0	3.0	2.0	3.0	1.0	2.0	1.0	
2.5	3.0	3.0	3.0	3.0	3.0	2.0	3.0	3.0	1.0	2.0	1.0	
2.5	3.0	3.5	3.0	3.0	3.0	2.0	3.0	4.0	1.0	2.0	2.0	
2.5	3.0	3.0	3.0	3.0	3.0	2.0	3.0	3.0	1.0	3.0	2.0	
2.5	2.5	3.0	3.0	3.0	2.0	2.0	2.0	4.0	1.0	1.0	2.0	
1.5	3.0	4.5	2.0	4.0	4.0	1.0	2.0	5.0	1.0	2.0	1.0	
2.5	2.0	3.0	3.0	3.0	3.0	2.0	1.0	3.0	1.0	2.0	1.0	
2.0	2.5	3.0	3.0	3.0	2.0	1.0	2.0	4.0	1.0	2.0	1.0	
3.0	2.5	2.0	3.0	2.0	2.0	3.0	3.0	2.0	1.0	2.0	1.0	
2.0	2.0	3.5	3.0	2.0	2.0	1.0	2.0	5.0	1.0	2.0	1.0	
2.5	2.0	3.0	3.0	2.0	3.0	2.0	2.0	3.0	1.0	2.0	1.0	
2.5	2.0	3.5	3.0	2.0	3.0	2.0	2.0	4.0	1.0	2.0	1.0	
1.5	3.0	3.5	2.0	4.0	3.0	1.0	2.0	4.0	1.0	2.0	1.0	
3.0	2.0	2.5	3.0	2.0	2.0	3.0	2.0	3.0	1.0	2.0	1.0	
2.5	3.0	3.5	3.0	3.0	3.0	2.0	3.0	4.0	1.0	2.0	1.0	
2.5	2.0	2.5	3.0	2.0	2.0	2.0	2.0	3.0	1.0	2.0	1.0	
3.5	2.5	4.0	4.0	3.0	4.0	3.0	2.0	4.0	1.0	2.0	1.0	
2.0	2.5	3.0	3.0	3.0	2.0	1.0	2.0	4.0	2.0	2.0	1.0	
1.5	3.0	4.5	2.0	4.0	4.0	1.0	2.0	5.0	2.0	2.0	1.0	
4.0	2.0	2.5	4.0	2.0	3.0	4.0	2.0	2.0	4.0	3.0	2.0	
4.5	4.0	3.0	5.0	4.0	4.0	4.0	4.0	2.0	5.0	5.0	4.0	
3.5	3.0	2.0	3.0	3.0	2.0	4.0	3.0	2.0	5.0	3.0	3.0	
3.5	3.0	3.0	3.0	3.0	4.0	4.0	3.0	2.0	4.0	4.0	3.0	
4.0	3.5	3.0	4.0	3.0	4.0	4.0	4.0	2.0	5.0	5.0	4.0	
4.5	4.0	3.0	4.0	4.0	4.0	5.0	4.0	2.0	5.0	4.0	4.0	
3.5	3.5	3.0	3.0	4.0	4.0	4.0	3.0	2.0	5.0	4.0	4.0	
3.5	2.5	3.0	3.0	2.0	3.0	4.0	3.0	3.0	5.0	5.0	3.0	
4.0	2.5	3.0	4.0	2.0	3.0	4.0	3.0	3.0	4.0	4.0	3.0	
4.0	2.5	3.5	4.0	2.0	4.0	4.0	3.0	3.0	5.0	5.0	4.0	
3.0	2.0	2.0	3.0	2.0	2.0	3.0	2.0	2.0	4.0	3.0	3.0	
3.0	2.5	2.5	3.0	2.0	3.0	3.0	3.0	2.0	4.0	3.0	3.0	
4.0	3.0	2.5	4.0	2.0	3.0	4.0	4.0	2.0	5.0	3.0	4.0	
3.5	2.5	2.5	3.0	2.0	3.0	4.0	3.0	2.0	4.0	4.0	3.0	
4.0	3.0	3.0	4.0	3.0	3.0	4.0	3.0	3.0	5.0	4.0	3.0	
4.0	2.5	2.5	4.0	2.0	3.0	4.0	3.0	2.0	4.0	3.0	4.0	
4.0	3.0	2.5	4.0	3.0	3.0	4.0	3.0	2.0	4.0	3.0	3.0	
3.5	2.5	3.0	3.0	2.0	4.0	4.0	3.0	2.0	4.0	3.0	3.0	
3.5	3.0	2.5	3.0	3.0	3.0	4.0	3.0	2.0	5.0	4.0	4.0	
4.0	3.0	3.0	4.0	3.0	3.0	4.0	3.0	3.0	4.0	3.0	4.0	
3.0	2.5	2.5	3.0	2.0	3.0	3.0	3.0	2.0	4.0	3.0	3.0	
3.5	3.0	2.5	3.0	3.0	3.0	4.0	3.0	2.0	4.0	3.0	3.0	
4.0	3.5	3.5	4.0	3.0	4.0	4.0	4.0	3.0	4.0	4.0	4.0	
4.0	3.0	2.5	4.0	2.0	3.0	4.0	4.0	2.0	5.0	3.0	4.0	
3.5	3.0	2.5	3.0	3.0	3.0	4.0	3.0	2.0	4.0	3.0	3.0	
4.0	3.5	2.5	4.0	4.0	3.0	4.0	3.0	2.0	4.0	3.0	3.0	
4.0	4.0	3.5	4.0	4.0	4.0	4.0	4.0	3.0	5.0	5.0	4.0	
4.5	4.0	3.0	5.0	4.0	4.0	4.0	4.0	2.0	5.0	4.0	3.0	
3.0	2.5	2.5	3.0	2.0	3.0	3.0	3.0	2.0	4.0	3.0	3.0	
3.0	3.0	2.5	3.0	3.0	3.0	3.0	3.0	2.0	4.0	3.0	3.0	
3.5	2.5	2.5	3.0	2.0	3.0	4.0	3.0	2.0	4.0	3.0	3.0	
3.0	2.5	3.0	3.0	2.0	3.0	3.0	3.0	3.0	4.0	3.0	3.0	
3.0	2.5	2.0	3.0	2.0	2.0	3.0	3.0	2.0	3.0	3.0	3.0	
3.0	3.0	3.0	3.0	3.0	3.0	3.0	3.0	3.0	4.0	3.0	3.0	
4.0	3.5	3.5	4.0	4.0	4.0	4.0	3.0	3.0	4.0	4.0	3.0	
4.0	4.0	3.0	4.0	4.0	4.0	4.0	4.0	2.0	4.0	4.0	3.0	
4.0	3.0	3.0	4.0	3.0	4.0	4.0	3.0	2.0	5.0	4.0	3.0	
5.0	3.5	4.0	5.0	3.0	5.0	5.0	4.0	3.0	5.0	5.0	4.0	
4.0	4.0	3.0	4.0	4.0	4.0	4.0	4.0	2.0	5.0	4.0	4.0	
4.5	3.5	2.5	4.0	3.0	2.0	5.0	4.0	3.0	5.0	4.0	3.0	
4.0	4.0	3.0	4.0	4.0	4.0	4.0	4.0	2.0	5.0	4.0	4.0	
4.0	3.0	2.0	4.0	3.0	2.0	4.0	3.0	2.0	5.0	4.0	3.0	
4.0	4.0	2.5	4.0	4.0	3.0	4.0	4.0	2.0	4.0	4.0	3.0	
4.0	3.0	2.5	4.0	3.0	3.0	4.0	3.0	2.0	4.0	4.0	3.0	
3.0	2.5	2.5	3.0	2.0	3.0	3.0	3.0	2.0	4.0	3.0	3.0	
3.5	3.0	3.0	3.0	3.0	4.0	4.0	3.0	2.0	4.0	4.0	3.0	
4.0	3.0	2.5	4.0	3.0	3.0	4.0	3.0	2.0	5.0	4.0	3.0	
3.5	2.5	2.5	3.0	2.0	3.0	4.0	3.0	2.0	4.0	4.0	3.0	
3.5	2.5	2.5	3.0	2.0	3.0	4.0	3.0	2.0	4.0	4.0	3.0	
3.0	3.0	2.5	3.0	3.0	3.0	3.0	3.0	2.0	3.0	3.0	3.0	
3.0	3.5	3.5	3.0	4.0	4.0	3.0	3.0	3.0	3.0	4.0	3.0	
3.5	3.5	2.5	3.0	3.0	3.0	4.0	4.0	2.0	4.0	3.0	2.0	
4.0	3.5	2.5	4.0	3.0	2.0	4.0	4.0	3.0	5.0	3.0	3.0	
3.5	3.5	3.0	3.0	3.0	3.0	4.0	4.0	3.0	4.0	4.0	2.0	
3.5	2.5	2.5	3.0	2.0	3.0	4.0	3.0	2.0	4.0	4.0	3.0	
3.5	2.5	2.5	3.0	2.0	3.0	4.0	3.0	2.0	4.0	3.0	2.0	
2.5	3.0	2.5	2.0	3.0	3.0	3.0	3.0	2.0	3.0	3.0	3.0	
3.0	4.0	3.5	2.0	4.0	4.0	4.0	4.0	3.0	4.0	4.0	4.0	
2.5	4.0	3.5	2.0	4.0	4.0	3.0	4.0	3.0	4.0	4.0	4.0	
4.0	3.0	3.0	4.0	3.0	4.0	4.0	3.0	2.0	4.0	4.0	3.0	
3.0	2.5	2.5	3.0	2.0	3.0	3.0	3.0	2.0	4.0	4.0	3.0	
2.5	3.0	2.5	2.0	3.0	3.0	3.0	3.0	2.0	4.0	4.0	3.0	
3.0	2.5	1.5	3.0	2.0	2.0	3.0	3.0	1.0	4.0	3.0	3.0	
3.0	2.5	2.5	3.0	2.0	3.0	3.0	3.0	2.0	3.0	3.0	3.0	
3.5	3.0	2.0	3.0	3.0	3.0	4.0	3.0	1.0	4.0	3.0	3.0	
3.0	2.5	1.5	3.0	2.0	2.0	3.0	3.0	1.0	4.0	3.0	3.0	
3.0	2.0	1.5	3.0	2.0	2.0	3.0	2.0	1.0	5.0	2.0	3.0	
4.0	3.0	2.5	4.0	2.0	3.0	4.0	4.0	2.0	4.0	3.0	2.0	
3.5	2.5	1.5	3.0	2.0	2.0	4.0	3.0	1.0	4.0	3.0	3.0	
2.0	1.6667	1.6667	2.0	1.0	2.0	2.0	2.0	2.0	2.0	2.0	1.0	
2.0	2.6667	3.0	2.0	3.0	3.0	2.0	3.0	4.0	2.0	2.0	2.0	
2.0	3.3333	3.0	2.0	3.0	3.0	2.0	4.0	4.0	2.0	3.0	2.0	
2.6667	2.6667	2.6667	3.0	3.0	3.0	2.0	3.0	4.0	3.0	2.0	1.0	
2.0	2.0	2.0	2.0	2.0	2.0	2.0	2.0	3.0	2.0	2.0	1.0	
2.3333	1.6667	2.3333	3.0	2.0	2.0	2.0	2.0	4.0	2.0	1.0	1.0	
2.0	2.3333	1.6667	2.0	1.0	1.0	2.0	4.0	3.0	2.0	2.0	1.0	
2.3333	3.0	3.3333	3.0	3.0	3.0	2.0	3.0	5.0	2.0	3.0	2.0	
2.3333	2.3333	2.6667	2.0	3.0	3.0	3.0	2.0	4.0	2.0	2.0	1.0	
2.0	2.6667	4.0	2.0	3.0	4.0	2.0	2.0	5.0	2.0	3.0	3.0	
2.3333	3.0	3.6667	3.0	2.0	4.0	2.0	4.0	4.0	2.0	3.0	3.0	
2.3333	3.3333	3.3333	3.0	3.0	4.0	2.0	4.0	4.0	2.0	3.0	2.0	
2.3333	2.3333	3.0	3.0	2.0	4.0	2.0	3.0	4.0	2.0	2.0	1.0	
2.6667	2.3333	3.6667	3.0	2.0	4.0	2.0	3.0	5.0	3.0	2.0	2.0	
1.6667	3.3333	4.0	2.0	3.0	4.0	1.0	4.0	5.0	2.0	3.0	3.0	
2.0	3.3333	4.3333	3.0	3.0	5.0	1.0	4.0	5.0	2.0	3.0	3.0	
1.6667	4.3333	4.3333	2.0	4.0	5.0	1.0	5.0	5.0	2.0	4.0	3.0	
2.0	2.3333	2.6667	2.0	3.0	3.0	2.0	3.0	4.0	2.0	1.0	1.0	
2.3333	2.6667	3.0	2.0	3.0	3.0	3.0	3.0	4.0	2.0	2.0	2.0	
2.3333	3.0	3.0	2.0	3.0	3.0	3.0	4.0	4.0	2.0	2.0	2.0	
1.6667	3.6667	4.0	2.0	3.0	4.0	1.0	4.0	5.0	2.0	4.0	3.0	
3.0	2.6667	2.3333	3.0	3.0	3.0	3.0	3.0	2.0	3.0	2.0	2.0	
2.3333	2.6667	3.3333	2.0	3.0	4.0	2.0	3.0	4.0	3.0	2.0	2.0	
1.6667	3.6667	4.3333	2.0	4.0	4.0	1.0	4.0	5.0	2.0	3.0	4.0	
1.6667	4.3333	4.3333	2.0	4.0	5.0	2.0	5.0	5.0	1.0	4.0	3.0	
3.3333	2.6667	3.0	3.0	3.0	4.0	4.0	4.0	4.0	3.0	1.0	1.0	
3.0	2.3333	3.0	3.0	3.0	3.0	3.0	2.0	4.0	3.0	2.0	2.0	
2.3333	3.3333	3.6667	3.0	4.0	4.0	2.0	3.0	4.0	2.0	3.0	3.0	
2.6667	2.6667	2.6667	3.0	3.0	3.0	2.0	3.0	4.0	3.0	2.0	1.0	
2.3333	2.6667	3.3333	3.0	3.0	3.0	2.0	3.0	4.0	2.0	2.0	3.0	
1.6667	4.0	4.0	2.0	4.0	4.0	1.0	5.0	5.0	2.0	3.0	3.0	
2.0	2.6667	3.3333	3.0	3.0	4.0	1.0	3.0	4.0	2.0	2.0	2.0	
2.0	3.0	4.0	3.0	3.0	4.0	1.0	3.0	5.0	2.0	3.0	3.0	
3.0	2.3333	2.3333	3.0	3.0	2.0	3.0	3.0	4.0	3.0	1.0	1.0	
1.6667	3.0	3.3333	2.0	3.0	3.0	1.0	3.0	4.0	2.0	3.0	3.0	
2.6667	3.6667	3.6667	2.0	3.0	4.0	4.0	4.0	4.0	2.0	4.0	3.0	
1.3333	4.3333	4.3333	2.0	4.0	5.0	1.0	5.0	5.0	1.0	4.0	3.0	
2.0	3.3333	4.3333	2.0	4.0	5.0	2.0	3.0	5.0	2.0	3.0	3.0	
2.3333	2.6667	4.0	3.0	3.0	4.0	2.0	3.0	5.0	2.0	2.0	3.0	
1.6667	3.0	4.0	2.0	2.0	4.0	1.0	4.0	5.0	2.0	3.0	3.0	
1.0	4.3333	4.3333	1.0	4.0	5.0	1.0	5.0	5.0	1.0	4.0	3.0	
1.6667	4.3333	4.0	2.0	4.0	5.0	1.0	5.0	5.0	2.0	4.0	2.0	
2.0	3.3333	2.6667	2.0	3.0	4.0	2.0	4.0	2.0	2.0	3.0	2.0	
3.0	2.0	2.3333	3.0	3.0	3.0	3.0	2.0	3.0	3.0	1.0	1.0	
2.6667	2.0	2.0	3.0	2.0	2.0	3.0	3.0	3.0	2.0	1.0	1.0	
2.6667	2.0	1.6667	2.0	2.0	2.0	3.0	3.0	2.0	3.0	1.0	1.0	
2.3333	2.3333	1.6667	2.0	2.0	2.0	2.0	3.0	2.0	3.0	2.0	1.0	
2.0	2.3333	1.6667	2.0	2.0	2.0	2.0	3.0	2.0	2.0	2.0	1.0	
2.0	2.0	2.3333	2.0	2.0	3.0	2.0	3.0	3.0	2.0	1.0	1.0	
2.0	2.6667	2.3333	2.0	2.0	3.0	2.0	4.0	3.0	2.0	2.0	1.0	
2.3333	2.3333	1.6667	3.0	2.0	2.0	2.0	4.0	2.0	2.0	1.0	1.0	
3.0	2.3333	2.0	3.0	3.0	3.0	3.0	3.0	2.0	3.0	1.0	1.0	
2.3333	3.0	3.0	3.0	3.0	3.0	2.0	4.0	4.0	2.0	2.0	2.0	
2.3333	3.0	3.3333	3.0	3.0	4.0	2.0	4.0	4.0	2.0	2.0	2.0	
2.6667	3.3333	3.6667	3.0	3.0	4.0	3.0	4.0	4.0	2.0	3.0	3.0	
2.3333	2.6667	3.3333	3.0	2.0	4.0	2.0	4.0	4.0	2.0	2.0	2.0	
2.0	4.0	4.0	2.0	4.0	4.0	2.0	5.0	5.0	2.0	3.0	3.0	
2.6667	2.0	3.0	3.0	2.0	3.0	2.0	2.0	4.0	3.0	2.0	2.0	
2.6667	2.6667	2.0	2.0	3.0	2.0	3.0	3.0	2.0	3.0	2.0	2.0	
3.0	2.6667	2.0	3.0	3.0	3.0	3.0	3.0	2.0	3.0	2.0	1.0	
3.0	2.3333	3.0	3.0	3.0	3.0	3.0	3.0	4.0	3.0	1.0	2.0	
3.0	3.0	3.3333	3.0	3.0	4.0	3.0	4.0	4.0	3.0	2.0	2.0	
2.6667	3.0	3.3333	3.0	3.0	3.0	2.0	4.0	4.0	3.0	2.0	3.0	
2.6667	3.6667	3.3333	3.0	4.0	4.0	2.0	4.0	4.0	3.0	3.0	2.0	
1.6667	4.0	4.3333	2.0	4.0	5.0	1.0	5.0	5.0	2.0	3.0	3.0	
2.3333	3.3333	4.3333	3.0	3.0	5.0	2.0	4.0	5.0	2.0	3.0	3.0	
1.6667	3.6667	3.3333	2.0	4.0	4.0	1.0	4.0	4.0	2.0	3.0	2.0	
1.3333	4.6667	4.3333	1.0	5.0	5.0	1.0	5.0	5.0	2.0	4.0	3.0	
2.6667	3.0	2.3333	3.0	3.0	3.0	3.0	4.0	3.0	2.0	2.0	1.0	
2.6667	2.0	2.6667	3.0	2.0	3.0	2.0	2.0	3.0	3.0	2.0	2.0	
2.3333	3.0	2.0	3.0	3.0	3.0	2.0	4.0	2.0	2.0	2.0	1.0	
2.6667	3.0	3.6667	3.0	3.0	4.0	2.0	4.0	4.0	3.0	2.0	3.0	
3.0	3.3333	3.0	3.0	3.0	4.0	3.0	4.0	3.0	3.0	3.0	2.0	
3.0	2.0	1.3333	3.0	3.0	2.0	3.0	2.0	1.0	3.0	1.0	1.0	
1.6667	3.3333	3.0	2.0	3.0	3.0	1.0	4.0	4.0	2.0	3.0	2.0	
2.6667	3.0	3.3333	2.0	3.0	4.0	3.0	4.0	4.0	3.0	2.0	2.0	
3.0	3.3333	4.0	3.0	3.0	4.0	3.0	4.0	5.0	3.0	3.0	3.0	
2.6667	3.0	3.0	3.0	3.0	3.0	2.0	4.0	4.0	3.0	2.0	2.0	
2.6667	2.6667	3.0	3.0	2.0	3.0	2.0	4.0	4.0	3.0	2.0	2.0	
2.0	4.0	4.6667	2.0	4.0	5.0	2.0	5.0	5.0	2.0	3.0	4.0	
2.0	3.0	3.0	2.0	3.0	4.0	2.0	4.0	3.0	2.0	2.0	2.0	
2.3333	2.3333	2.6667	3.0	3.0	3.0	2.0	3.0	4.0	2.0	1.0	1.0	
2.0	2.6667	2.6667	2.0	3.0	3.0	2.0	4.0	4.0	2.0	1.0	1.0	
2.6667	2.0	1.6667	3.0	3.0	2.0	2.0	2.0	2.0	3.0	1.0	1.0	
2.6667	2.3333	3.0	3.0	3.0	3.0	2.0	3.0	4.0	3.0	1.0	2.0	
2.6667	3.0	3.6667	3.0	3.0	4.0	2.0	3.0	4.0	3.0	3.0	3.0	
3.0	2.0	3.3333	3.0	3.0	4.0	3.0	1.0	4.0	3.0	2.0	2.0	
2.5	2.5	3.0	3.0	2.0	3.0	2.0	3.0	3.0	
2.5	2.0	3.0	3.0	2.0	3.0	2.0	2.0	3.0	
2.5	2.5	3.0	3.0	3.0	2.0	2.0	2.0	4.0	
2.5	3.0	4.0	3.0	3.0	3.0	2.0	3.0	5.0	
1.5	4.0	4.0	2.0	3.0	3.0	1.0	5.0	5.0	
1.5	4.5	5.0	2.0	4.0	5.0	1.0	5.0	5.0	
1.5	3.5	4.5	2.0	4.0	4.0	1.0	3.0	5.0	
2.0	3.0	4.5	2.0	3.0	4.0	2.0	3.0	5.0	
1.5	3.0	4.5	2.0	3.0	4.0	1.0	3.0	5.0	
2.0	4.5	4.5	2.0	4.0	4.0	2.0	5.0	5.0	
2.0	2.5	3.5	3.0	3.0	2.0	1.0	2.0	5.0	
1.5	4.5	5.0	2.0	4.0	5.0	1.0	5.0	5.0	
1.5	3.5	4.5	2.0	3.0	4.0	1.0	4.0	5.0	
1.0	3.5	4.5	1.0	3.0	4.0	1.0	4.0	5.0	
2.0	2.0	2.5	2.0	2.0	2.0	2.0	2.0	3.0	
3.0	4.0	2.5	3.0	4.0	3.0	3.0	4.0	2.0	
3.0	3.5	2.5	3.0	3.0	3.0	3.0	4.0	2.0	
2.5	3.5	3.5	3.0	3.0	3.0	2.0	4.0	4.0	
2.5	3.0	3.5	3.0	3.0	3.0	2.0	3.0	4.0	
2.0	2.5	3.0	2.0	2.0	2.0	2.0	3.0	4.0	
2.5	3.0	3.5	3.0	3.0	2.0	2.0	3.0	5.0	
2.5	3.0	3.0	3.0	3.0	2.0	2.0	3.0	4.0	
3.0	2.0	2.5	3.0	2.0	2.0	3.0	2.0	3.0	
2.5	2.5	3.5	3.0	3.0	3.0	2.0	2.0	4.0	
2.0	3.5	3.5	2.0	3.0	3.0	2.0	4.0	4.0	
2.5	2.0	2.5	3.0	2.0	2.0	2.0	2.0	3.0	
2.0	2.5	2.5	2.0	2.0	1.0	2.0	3.0	4.0	
2.0	3.0	3.0	2.0	3.0	2.0	2.0	3.0	4.0	
2.0	3.0	3.0	2.0	3.0	3.0	2.0	3.0	3.0	
2.5	3.0	2.5	3.0	3.0	2.0	2.0	3.0	3.0	
1.5	4.0	4.0	2.0	3.0	3.0	1.0	5.0	5.0	
2.0	2.5	4.0	2.0	2.0	4.0	2.0	3.0	4.0	
1.5	3.0	4.5	2.0	2.0	4.0	1.0	4.0	5.0	
4.0	2.0	2.5	4.0	2.0	2.0	4.0	2.0	3.0	
4.0	2.0	2.5	4.0	2.0	2.0	4.0	2.0	3.0	
4.0	2.0	2.0	4.0	2.0	1.0	4.0	2.0	3.0	
4.0	1.5	2.5	4.0	1.0	2.0	4.0	2.0	3.0	
3.5	2.0	2.5	3.0	2.0	2.0	4.0	2.0	3.0	
3.5	2.0	2.0	3.0	2.0	1.0	4.0	2.0	3.0	
3.0	2.0	2.0	3.0	2.0	1.0	3.0	2.0	3.0	
3.5	2.0	2.5	4.0	2.0	2.0	3.0	2.0	3.0	
3.5	2.0	2.5	3.0	2.0	2.0	4.0	2.0	3.0	
4.0	2.5	2.0	4.0	2.0	1.0	4.0	3.0	3.0	
4.0	3.0	2.0	4.0	2.0	2.0	4.0	4.0	2.0	
4.0	3.0	2.5	4.0	2.0	2.0	4.0	4.0	3.0	
3.5	2.0	2.0	3.0	1.0	1.0	4.0	3.0	3.0	
4.5	1.5	2.0	4.0	1.0	1.0	5.0	2.0	3.0	
4.5	2.0	2.5	4.0	2.0	2.0	5.0	2.0	3.0	
4.5	3.5	3.5	4.0	3.0	3.0	5.0	4.0	4.0	
4.5	3.0	2.5	4.0	3.0	2.0	5.0	3.0	3.0	
4.0	2.0	2.0	4.0	2.0	2.0	4.0	2.0	2.0	
2.5	1.5	1.5	3.0	1.0	1.0	2.0	2.0	2.0	
3.0	3.0	2.0	3.0	2.0	1.0	3.0	4.0	3.0	
2.5	2.5	2.0	3.0	3.0	1.0	2.0	2.0	3.0	
2.5	1.5	2.5	3.0	1.0	2.0	2.0	2.0	3.0	
2.5	1.5	2.5	3.0	1.0	2.0	2.0	2.0	3.0	
2.5	2.0	1.5	3.0	1.0	1.0	2.0	3.0	2.0	
2.5	1.5	2.0	3.0	1.0	1.0	2.0	2.0	3.0	
2.0	1.5	2.0	2.0	1.0	1.0	2.0	2.0	3.0	
2.5	2.0	2.0	3.0	1.0	2.0	2.0	3.0	2.0	
2.5	3.0	3.5	3.0	2.0	3.0	2.0	4.0	4.0	
2.5	3.0	3.0	3.0	2.0	2.0	2.0	4.0	4.0	
2.5	3.0	3.0	3.0	2.0	2.0	2.0	4.0	4.0	
4.0	2.0	2.0	4.0	2.0	1.0	4.0	2.0	3.0	
4.0	2.0	1.5	4.0	2.0	1.0	4.0	2.0	2.0	
3.5	3.0	1.5	4.0	2.0	1.0	3.0	4.0	2.0	
2.5	3.0	1.5	3.0	2.0	1.0	2.0	4.0	2.0	
4.0	2.0	2.0	4.0	2.0	1.0	4.0	2.0	3.0	
3.5	2.0	1.5	3.0	2.0	1.0	4.0	2.0	2.0	
4.0	2.5	1.5	4.0	2.0	1.0	4.0	3.0	2.0	
4.0	3.0	2.0	4.0	2.0	1.0	4.0	4.0	3.0	
3.5	2.0	1.5	4.0	2.0	1.0	3.0	2.0	2.0	
3.0	3.0	1.5	3.0	2.0	1.0	3.0	4.0	2.0	
3.5	3.5	2.5	4.0	2.0	2.0	3.0	5.0	3.0	
4.5	3.0	2.5	4.0	3.0	2.0	5.0	3.0	3.0	
3.5	2.5	2.0	3.0	2.0	1.0	4.0	3.0	3.0	
3.5	3.5	1.5	4.0	3.0	1.0	3.0	4.0	2.0	
3.0	3.0	2.0	3.0	2.0	1.0	3.0	4.0	3.0	
3.0	2.5	2.0	3.0	2.0	1.0	3.0	3.0	3.0	
4.5	3.5	2.0	4.0	3.0	1.0	5.0	4.0	3.0	
4.5	3.5	2.0	4.0	3.0	1.0	5.0	4.0	3.0	
4.5	3.0	2.5	4.0	3.0	2.0	5.0	3.0	3.0	
5.0	3.5	2.5	5.0	3.0	2.0	5.0	4.0	3.0	
4.5	2.0	2.5	4.0	2.0	2.0	5.0	2.0	3.0	
3.0	3.5	2.0	3.0	3.0	2.0	3.0	4.0	2.0	
2.0	2.5	2.0	2.0	3.0	2.0	2.0	2.0	2.0	
2.0	2.0	2.0	2.0	1.0	1.0	2.0	3.0	3.0	
2.0	2.5	2.5	2.0	1.0	2.0	2.0	4.0	3.0	
2.0	3.0	2.0	2.0	2.0	2.0	2.0	4.0	2.0	
2.0	1.5	2.0	2.0	1.0	1.0	2.0	2.0	3.0	
2.0	1.5	1.0	3.0	1.0	1.0	1.0	2.0	1.0	
2.0	1.5	1.5	3.0	1.0	2.0	1.0	2.0	1.0	
1.5	2.0	1.5	2.0	1.0	2.0	1.0	3.0	1.0	
1.5	2.5	1.5	2.0	2.0	2.0	1.0	3.0	1.0	
1.5	2.0	2.0	2.0	2.0	2.0	1.0	2.0	2.0	
2.0	2.5	2.5	3.0	2.0	2.0	1.0	3.0	3.0	
1.5	2.0	1.0	2.0	1.0	1.0	1.0	3.0	1.0	
1.5	2.0	2.5	2.0	2.0	2.0	1.0	2.0	3.0	
1.5	2.5	2.0	2.0	2.0	2.0	1.0	3.0	2.0	
1.5	2.5	1.0	2.0	2.0	1.0	1.0	3.0	1.0	
1.5	3.0	1.5	2.0	3.0	2.0	1.0	3.0	1.0	
1.5	3.5	2.5	2.0	3.0	2.0	1.0	4.0	3.0	
1.5	2.5	1.5	2.0	1.0	2.0	1.0	4.0	1.0	
1.5	3.5	2.5	2.0	3.0	2.0	1.0	4.0	3.0	
1.5	2.5	2.5	2.0	3.0	3.0	1.0	2.0	2.0	
2.0	1.5	2.0	2.0	1.0	2.0	2.0	2.0	2.0	
3.5	2.0	2.0	4.0	2.0	1.0	3.0	2.0	3.0	
4.0	2.5	2.5	4.0	2.0	3.0	4.0	3.0	2.0	
3.0	3.0	3.0	2.0	3.0	2.0	4.0	3.0	4.0	
1.5	3.5	3.5	2.0	3.0	2.0	1.0	4.0	5.0	
2.0	2.5	3.5	2.0	2.0	3.0	2.0	3.0	4.0	
2.0	3.0	4.0	2.0	2.0	4.0	2.0	4.0	4.0	
2.0	3.5	4.0	2.0	3.0	4.0	2.0	4.0	4.0	
1.5	4.0	4.0	2.0	4.0	4.0	1.0	4.0	4.0	
3.0	2.0	2.5	3.0	2.0	2.0	3.0	2.0	3.0	
3.0	2.0	2.5	3.0	2.0	2.0	3.0	2.0	3.0	
3.0	2.0	2.5	3.0	2.0	2.0	3.0	2.0	3.0	
3.5	3.0	2.5	4.0	3.0	2.0	3.0	3.0	3.0	
2.5	2.5	3.0	3.0	3.0	3.0	2.0	2.0	3.0	
2.5	3.0	3.5	3.0	2.0	3.0	2.0	4.0	4.0	
2.0	3.0	3.5	2.0	2.0	3.0	2.0	4.0	4.0	
2.0	3.5	4.0	2.0	3.0	4.0	2.0	4.0	4.0	
1.5	4.0	3.0	2.0	4.0	3.0	1.0	4.0	3.0	
2.5	2.5	3.0	2.0	3.0	3.0	3.0	2.0	3.0	
2.0	2.5	3.5	2.0	3.0	3.0	2.0	2.0	4.0	
2.0	4.0	4.0	2.0	4.0	4.0	2.0	4.0	4.0	
2.0	3.0	4.0	2.0	3.0	4.0	2.0	3.0	4.0	
2.0	3.5	3.5	2.0	3.0	3.0	2.0	4.0	4.0	
2.0	2.5	2.5	2.0	3.0	2.0	2.0	2.0	3.0	
2.0	3.5	4.5	2.0	3.0	4.0	2.0	4.0	5.0	
1.5	3.5	4.0	2.0	3.0	4.0	1.0	4.0	4.0	
2.0	2.5	3.5	2.0	3.0	3.0	2.0	2.0	4.0	
3.0	1.5	2.5	3.0	2.0	2.0	3.0	1.0	3.0	
4.0	4.0	3.5	4.0	4.0	4.0	4.0	4.0	3.0	
4.5	4.5	4.0	4.0	4.0	4.0	5.0	5.0	4.0	
4.5	5.0	4.5	5.0	5.0	4.0	4.0	5.0	5.0	
2.0	3.5	3.0	2.0	4.0	3.0	2.0	3.0	3.0	
3.0	4.0	3.5	3.0	4.0	4.0	3.0	4.0	3.0	
4.0	4.0	3.5	4.0	4.0	4.0	4.0	4.0	3.0	
3.0	3.0	3.5	4.0	4.0	3.0	2.0	2.0	4.0	
2.5	3.0	3.0	3.0	3.0	3.0	2.0	3.0	3.0	
3.0	3.5	2.5	3.0	3.0	2.0	3.0	4.0	3.0	
3.0	3.0	2.5	3.0	2.0	2.0	3.0	4.0	3.0	
3.0	3.5	3.0	3.0	4.0	3.0	3.0	3.0	3.0	
2.5	3.5	3.0	3.0	3.0	3.0	2.0	4.0	3.0	
3.0	3.5	3.0	3.0	3.0	3.0	3.0	4.0	3.0	
2.5	3.5	3.0	2.0	3.0	3.0	3.0	4.0	3.0	
3.0	4.5	3.0	2.0	5.0	3.0	4.0	4.0	3.0	
3.0	3.5	3.5	3.0	3.0	4.0	3.0	4.0	3.0	
4.0	3.5	4.0	4.0	3.0	4.0	4.0	4.0	4.0	
4.5	4.0	3.5	4.0	4.0	3.0	5.0	4.0	4.0	
4.0	3.5	3.0	4.0	3.0	3.0	4.0	4.0	3.0	
4.0	3.5	3.0	4.0	3.0	3.0	4.0	4.0	3.0	
2.5	3.5	4.0	3.0	3.0	4.0	2.0	4.0	4.0	
2.0	3.5	3.0	2.0	3.0	3.0	2.0	4.0	3.0	
3.0	3.5	3.0	3.0	3.0	2.0	3.0	4.0	4.0	
3.0	3.5	2.5	3.0	3.0	2.0	3.0	4.0	3.0	
3.0	4.0	4.0	3.0	4.0	4.0	3.0	4.0	4.0	
2.5	3.0	2.0	3.0	3.0	2.0	2.0	3.0	2.0	
2.0	2.5	2.5	2.0	2.0	2.0	2.0	3.0	3.0	
2.5	3.5	3.0	3.0	3.0	3.0	2.0	4.0	3.0	
2.5	4.0	3.5	2.0	4.0	4.0	3.0	4.0	3.0	
3.0	4.0	4.0	3.0	4.0	4.0	3.0	4.0	4.0	
2.5	3.5	2.5	3.0	3.0	2.0	2.0	4.0	3.0	
3.0	3.5	3.5	3.0	4.0	4.0	3.0	3.0	3.0	
2.5	3.5	4.0	3.0	4.0	4.0	2.0	3.0	4.0	
3.0	3.0	3.0	3.0	2.0	2.0	3.0	4.0	4.0	
3.0	2.0	2.5	3.0	2.0	2.0	3.0	2.0	3.0	
2.5	4.0	2.5	3.0	4.0	3.0	2.0	4.0	2.0	
3.0	3.5	3.5	4.0	4.0	4.0	2.0	3.0	3.0	
3.0	3.5	3.0	3.0	3.0	2.0	3.0	4.0	4.0	
2.5	3.5	3.5	3.0	4.0	3.0	2.0	3.0	4.0	
2.5	3.5	4.0	2.0	4.0	4.0	3.0	3.0	4.0	
3.0	2.5	3.5	3.0	3.0	3.0	3.0	2.0	4.0	
3.0	3.5	4.0	3.0	3.0	4.0	3.0	4.0	4.0	
3.0	4.0	4.0	3.0	4.0	4.0	3.0	4.0	4.0	
3.5	3.5	4.5	3.0	3.0	4.0	4.0	4.0	5.0	
3.0	4.0	4.0	3.0	4.0	4.0	3.0	4.0	4.0	
3.5	3.5	4.0	3.0	4.0	4.0	4.0	3.0	4.0	
4.5	4.5	4.0	4.0	4.0	4.0	5.0	5.0	4.0	
4.0	2.0	2.5	4.0	2.0	2.0	4.0	2.0	3.0	
3.0	3.0	3.0	3.0	2.0	2.0	3.0	4.0	4.0	
2.5	3.0	2.5	3.0	2.0	2.0	2.0	4.0	3.0	
2.0	3.5	3.0	2.0	3.0	2.0	2.0	4.0	4.0	
2.5	3.5	3.0	3.0	3.0	2.0	2.0	4.0	4.0	
2.5	2.5	2.5	3.0	2.0	2.0	2.0	3.0	3.0	
2.5	3.0	2.5	3.0	2.0	2.0	2.0	4.0	3.0	
2.5	3.0	2.5	3.0	3.0	2.0	2.0	3.0	3.0	
2.5	2.5	2.5	3.0	2.0	2.0	2.0	3.0	3.0	
2.5	3.5	3.0	3.0	3.0	2.0	2.0	4.0	4.0	
1.5	4.5	4.0	2.0	4.0	3.0	1.0	5.0	5.0	
1.5	3.5	3.0	2.0	3.0	2.0	1.0	4.0	4.0	
2.0	3.5	3.5	2.0	3.0	3.0	2.0	4.0	4.0	
1.5	4.5	3.5	2.0	4.0	3.0	1.0	5.0	4.0	
2.0	4.0	3.5	2.0	4.0	3.0	2.0	4.0	4.0	
2.0	4.5	3.5	2.0	4.0	3.0	2.0	5.0	4.0	
1.5	4.0	4.0	2.0	4.0	4.0	1.0	4.0	4.0	
2.0	4.0	3.5	2.0	3.0	3.0	2.0	5.0	4.0	
1.5	4.0	2.5	2.0	4.0	2.0	1.0	4.0	3.0	
2.0	2.0	2.0	3.0	2.0	1.0	1.0	2.0	3.0	
2.5	2.0	2.0	3.0	2.0	1.0	2.0	2.0	3.0	
2.5	2.0	2.0	3.0	2.0	1.0	2.0	2.0	3.0	
3.0	2.5	2.5	4.0	2.0	2.0	2.0	3.0	3.0	
3.5	2.0	2.0	4.0	2.0	1.0	3.0	2.0	3.0	
2.5	1.5	2.0	3.0	1.0	1.0	2.0	2.0	3.0	
2.5	2.0	2.0	3.0	2.0	1.0	2.0	2.0	3.0	
2.5	1.5	2.0	3.0	1.0	1.0	2.0	2.0	3.0	
2.5	2.0	2.0	3.0	1.0	1.0	2.0	3.0	3.0	
2.0	3.0	2.5	2.0	3.0	2.0	2.0	3.0	3.0	
2.0	3.5	2.5	2.0	3.0	2.0	2.0	4.0	3.0	
2.0	3.5	3.0	2.0	3.0	2.0	2.0	4.0	4.0	
2.0	3.5	3.0	2.0	3.0	2.0	2.0	4.0	4.0	
2.0	3.5	2.5	2.0	3.0	2.0	2.0	4.0	3.0	
2.0	3.5	2.0	2.0	3.0	1.0	2.0	4.0	3.0	
2.0	2.0	2.0	2.0	2.0	1.0	2.0	2.0	3.0	
2.0	2.5	1.5	2.0	1.0	1.0	2.0	4.0	2.0	
2.0	2.5	2.0	2.0	2.0	1.0	2.0	3.0	3.0	
2.0	1.5	1.5	3.0	1.0	1.0	1.0	2.0	2.0	
3.0	3.5	2.5	3.0	3.0	2.0	3.0	4.0	3.0	
2.5	3.5	3.5	3.0	3.0	3.0	2.0	4.0	4.0	
2.5	2.5	2.0	3.0	2.0	1.0	2.0	3.0	3.0	
2.5	1.5	2.0	3.0	1.0	1.0	2.0	2.0	3.0	
4.0	2.0	2.0	4.0	2.0	1.0	4.0	2.0	3.0	
4.0	3.5	2.5	4.0	3.0	2.0	4.0	4.0	3.0	
4.0	2.5	2.5	4.0	2.0	2.0	4.0	3.0	3.0	
4.0	2.0	2.0	4.0	2.0	1.0	4.0	2.0	3.0	
3.5	2.0	2.0	3.0	2.0	1.0	4.0	2.0	3.0	
4.0	2.5	2.5	4.0	2.0	2.0	4.0	3.0	3.0	
3.0	3.5	2.5	3.0	2.0	2.0	3.0	5.0	3.0	
4.0	4.0	2.5	4.0	3.0	2.0	4.0	5.0	3.0	
4.0	3.5	2.5	4.0	3.0	2.0	4.0	4.0	3.0	
4.5	3.0	2.0	4.0	3.0	1.0	5.0	3.0	3.0	
4.0	2.5	2.0	4.0	1.0	1.0	4.0	4.0	3.0	
3.0	3.0	3.0	3.0	2.0	2.0	3.0	4.0	4.0	
2.5	3.0	2.5	3.0	3.0	2.0	2.0	3.0	3.0	
2.5	2.5	2.0	3.0	2.0	1.0	2.0	3.0	3.0	
2.5	2.5	1.5	3.0	2.0	1.0	2.0	3.0	2.0	
2.5	3.5	2.5	3.0	3.0	2.0	2.0	4.0	3.0	
2.0	3.5	3.0	2.0	3.0	2.0	2.0	4.0	4.0	
2.0	3.5	2.5	2.0	3.0	2.0	2.0	4.0	3.0	
2.0	3.5	3.0	3.0	3.0	2.0	1.0	4.0	4.0	
2.5	2.0	2.0	3.0	2.0	1.0	2.0	2.0	3.0	
2.5	3.0	3.0	3.0	2.0	3.0	2.0	4.0	3.0	
2.5	1.0	2.0	3.0	1.0	1.0	2.0	1.0	3.0	
2.5	2.5	2.0	3.0	1.0	1.0	2.0	4.0	3.0	
2.0	2.5	2.5	2.0	3.0	2.0	2.0	2.0	3.0	
2.5	2.0	2.5	3.0	2.0	2.0	2.0	2.0	3.0	
3.0	2.5	2.5	3.0	2.0	2.0	3.0	3.0	3.0	
2.5	2.5	2.5	3.0	2.0	2.0	2.0	3.0	3.0	
2.5	2.5	2.5	3.0	2.0	2.0	2.0	3.0	3.0	
3.5	3.0	2.5	4.0	2.0	2.0	3.0	4.0	3.0	
3.0	2.0	2.5	3.0	1.0	2.0	3.0	3.0	3.0	
3.0	2.5	2.5	3.0	2.0	2.0	3.0	3.0	3.0	
3.0	2.0	1.5	3.0	2.0	1.0	3.0	2.0	2.0	
3.5	2.0	1.5	4.0	2.0	1.0	3.0	2.0	2.0	
3.0	2.5	2.0	3.0	2.0	2.0	3.0	3.0	2.0	
3.0	2.0	1.5	4.0	2.0	1.0	2.0	2.0	2.0	
2.5	2.0	2.0	3.0	2.0	1.0	2.0	2.0	3.0	
2.5	2.0	1.5	3.0	2.0	1.0	2.0	2.0	2.0	
2.0	2.5	2.0	2.0	2.0	1.0	2.0	3.0	3.0	
2.5	3.0	2.0	3.0	2.0	1.0	2.0	4.0	3.0	
1.5	4.0	3.5	2.0	4.0	3.0	1.0	4.0	4.0	
2.0	4.5	3.5	2.0	4.0	3.0	2.0	5.0	4.0	
1.5	4.0	3.5	2.0	4.0	3.0	1.0	4.0	4.0	
1.5	3.0	2.5	2.0	3.0	2.0	1.0	3.0	3.0	
1.5	3.5	2.5	2.0	3.0	2.0	1.0	4.0	3.0	
1.5	3.0	3.0	2.0	3.0	2.0	1.0	3.0	4.0	
2.0	2.0	2.0	3.0	2.0	1.0	1.0	2.0	3.0	
2.0	1.5	1.0	3.0	2.0	1.0	1.0	1.0	1.0	
2.5	2.0	2.0	3.0	2.0	1.0	2.0	2.0	3.0	
2.0	1.5	2.5	2.0	1.0	2.0	2.0	2.0	3.0	
1.5	1.5	2.0	2.0	1.0	1.0	1.0	2.0	3.0	
1.5	1.5	1.5	2.0	1.0	1.0	1.0	2.0	2.0	
1.5	1.5	1.5	2.0	1.0	1.0	1.0	2.0	2.0	
2.5	2.0	2.5	3.0	2.0	2.0	2.0	2.0	3.0	
3.5	2.5	2.5	3.0	3.0	2.0	4.0	2.0	3.0	
4.0	2.5	2.0	4.0	2.0	1.0	4.0	3.0	3.0	
4.0	2.5	2.5	4.0	2.0	2.0	4.0	3.0	3.0	
3.0	2.5	1.5	3.0	2.0	1.0	3.0	3.0	2.0	
4.5	4.5	1.0	6.0	6.0	-1.0	3.0	3.0	2.0	
5.0	4.0	1.5	6.0	6.0	-1.0	4.0	2.0	3.0	
5.0	4.5	1.5	6.0	6.0	-1.0	4.0	3.0	3.0	
5.0	5.0	1.5	6.0	6.0	-1.0	4.0	4.0	3.0	
2.5	4.0	1.0	3.0	4.0	1.0	2.0	4.0	1.0	
2.5	3.0	2.0	3.0	3.0	2.0	2.0	3.0	2.0	
2.5	3.5	1.0	3.0	3.0	1.0	2.0	4.0	1.0	
4.0	2.5	3.0	4.0	3.0	2.0	4.0	2.0	4.0	
4.5	3.0	3.0	4.0	3.0	2.0	5.0	3.0	4.0	
4.5	4.5	3.0	4.0	4.0	2.0	5.0	5.0	4.0	
4.5	3.5	3.0	4.0	3.0	2.0	5.0	4.0	4.0	
4.0	2.5	2.0	4.0	3.0	1.0	4.0	2.0	3.0	
4.0	2.5	3.0	4.0	2.0	2.0	4.0	3.0	4.0	
4.0	2.5	2.5	4.0	2.0	2.0	4.0	3.0	3.0	
4.5	2.0	2.0	5.0	2.0	1.0	4.0	2.0	3.0	
4.0	2.0	2.0	4.0	2.0	1.0	4.0	2.0	3.0	
3.5	3.0	2.5	4.0	3.0	2.0	3.0	3.0	3.0	
3.5	3.0	3.0	3.0	3.0	2.0	4.0	3.0	4.0	
4.0	2.5	2.5	4.0	2.0	2.0	4.0	3.0	3.0	
4.5	4.0	2.5	4.0	4.0	2.0	5.0	4.0	3.0	
3.5	3.0	3.0	4.0	2.0	2.0	3.0	4.0	4.0	
4.0	3.0	2.5	4.0	3.0	2.0	4.0	3.0	3.0	
4.0	3.0	2.5	4.0	3.0	2.0	4.0	3.0	3.0	
4.5	2.5	2.0	4.0	2.0	1.0	5.0	3.0	3.0	
4.0	3.0	2.0	4.0	3.0	2.0	4.0	3.0	2.0	
3.0	3.5	3.0	3.0	2.0	2.0	3.0	5.0	4.0	
2.5	2.5	2.0	3.0	2.0	1.0	2.0	3.0	3.0	
2.0	3.5	3.5	3.0	3.0	2.0	1.0	4.0	5.0	
4.0	3.5	3.0	4.0	3.0	3.0	4.0	4.0	3.0	
3.0	3.0	2.0	3.0	2.0	1.0	3.0	4.0	3.0	
4.0	3.0	0.5	4.0	3.0	1.0	4.0	3.0	-1.0	
4.5	3.5	3.0	4.0	3.0	2.0	5.0	4.0	4.0	
4.0	3.5	2.5	4.0	3.0	2.0	4.0	4.0	3.0	
4.0	3.0	3.0	4.0	3.0	3.0	4.0	3.0	3.0	
4.0	2.5	2.0	4.0	3.0	2.0	4.0	2.0	2.0	
5.0	4.5	3.0	5.0	4.0	2.0	5.0	5.0	4.0	
4.0	4.0	3.0	4.0	4.0	2.0	4.0	4.0	4.0	
3.5	2.0	2.0	3.0	2.0	2.0	4.0	2.0	2.0	
4.0	3.0	2.5	4.0	3.0	2.0	4.0	3.0	3.0	
4.0	3.0	2.5	4.0	2.0	2.0	4.0	4.0	3.0	
4.5	4.0	3.0	4.0	3.0	2.0	5.0	5.0	4.0	
5.0	4.5	3.0	5.0	4.0	2.0	5.0	5.0	4.0	
4.0	3.5	2.5	4.0	2.0	2.0	4.0	5.0	3.0	
4.0	4.0	2.0	4.0	3.0	1.0	4.0	5.0	3.0	
4.0	2.0	2.5	4.0	2.0	2.0	4.0	2.0	3.0	
3.5	3.0	2.0	4.0	2.0	2.0	3.0	4.0	2.0	
3.0	2.5	1.5	4.0	3.0	2.0	2.0	2.0	1.0	
3.0	2.0	1.0	3.0	2.0	1.0	3.0	2.0	1.0	
2.5	3.0	2.0	3.0	4.0	2.0	2.0	2.0	2.0	
4.0	3.5	1.5	4.0	3.0	2.0	4.0	4.0	1.0	
4.0	3.5	2.5	4.0	3.0	2.0	4.0	4.0	3.0	
3.5	3.5	1.0	4.0	3.0	1.0	3.0	4.0	1.0	
4.5	3.0	2.5	4.0	3.0	2.0	5.0	3.0	3.0	
4.0	3.5	2.0	4.0	3.0	1.0	4.0	4.0	3.0	
4.5	3.0	2.0	4.0	3.0	1.0	5.0	3.0	3.0	
4.0	3.0	3.0	3.0	3.0	2.0	5.0	3.0	4.0	
4.0	3.0	2.5	4.0	2.0	1.0	4.0	4.0	4.0	
4.5	2.5	2.0	4.0	2.0	1.0	5.0	3.0	3.0	
4.0	3.0	2.5	4.0	3.0	2.0	4.0	3.0	3.0	
4.0	3.0	3.0	4.0	3.0	3.0	4.0	3.0	3.0	
2.5	2.0	2.0	3.0	2.0	2.0	2.0	2.0	2.0	
4.0	2.5	2.5	4.0	3.0	2.0	4.0	2.0	3.0	
4.5	3.5	2.5	4.0	3.0	2.0	5.0	4.0	3.0	
4.0	2.5	2.5	4.0	3.0	2.0	4.0	2.0	3.0	
3.5	2.0	3.5	4.0	2.0	3.0	3.0	2.0	4.0	
4.0	3.0	3.5	4.0	2.0	3.0	4.0	4.0	4.0	
4.0	2.0	2.0	4.0	2.0	2.0	4.0	2.0	2.0	
4.0	3.0	2.5	4.0	2.0	2.0	4.0	4.0	3.0	
4.5	2.0	1.5	4.0	2.0	1.0	5.0	2.0	2.0	
4.0	2.0	2.5	4.0	2.0	2.0	4.0	2.0	3.0	
4.0	2.5	2.5	4.0	2.0	2.0	4.0	3.0	3.0	
4.0	3.0	3.0	4.0	2.0	2.0	4.0	4.0	4.0	
3.5	3.0	3.0	3.0	2.0	2.0	4.0	4.0	4.0	
4.0	2.0	2.5	4.0	2.0	2.0	4.0	2.0	3.0	
4.0	3.0	3.0	4.0	2.0	3.0	4.0	4.0	3.0	
4.0	3.0	3.0	4.0	3.0	3.0	4.0	3.0	3.0	
4.0	3.5	2.5	4.0	3.0	2.0	4.0	4.0	3.0	
3.5	2.5	2.5	4.0	2.0	2.0	3.0	3.0	3.0	
4.0	3.0	2.5	4.0	3.0	2.0	4.0	3.0	3.0	
4.0	2.5	1.5	4.0	2.0	1.0	4.0	3.0	2.0	
3.5	3.5	3.0	3.0	3.0	2.0	4.0	4.0	4.0	
2.5	2.5	3.0	3.0	3.0	2.0	2.0	2.0	4.0	
3.5	2.0	2.0	3.0	2.0	1.0	4.0	2.0	3.0	
4.0	3.5	2.5	4.0	3.0	2.0	4.0	4.0	3.0	
3.0	3.5	2.0	3.0	3.0	2.0	3.0	4.0	2.0	
5.0	4.5	2.5	5.0	4.0	2.0	5.0	5.0	3.0	
5.0	2.5	2.0	5.0	2.0	1.0	5.0	3.0	3.0	
4.0	2.0	2.5	4.0	2.0	2.0	4.0	2.0	3.0	
4.0	2.5	3.0	4.0	2.0	2.0	4.0	3.0	4.0	
4.0	3.0	3.5	4.0	2.0	3.0	4.0	4.0	4.0	
4.0	3.0	3.5	4.0	3.0	3.0	4.0	3.0	4.0	
4.0	2.5	4.0	4.0	2.0	3.0	4.0	3.0	5.0	
4.5	4.5	4.5	5.0	4.0	4.0	4.0	5.0	5.0	
2.0	3.5	4.0	2.0	3.0	4.0	2.0	4.0	4.0	
2.5	2.5	4.0	3.0	2.0	4.0	2.0	3.0	4.0	
2.5	2.0	3.0	3.0	2.0	3.0	2.0	2.0	3.0	
4.0	3.0	4.0	4.0	3.0	4.0	4.0	3.0	4.0	
2.5	3.5	4.5	3.0	3.0	4.0	2.0	4.0	5.0	
2.0	3.0	3.5	2.0	4.0	4.0	2.0	2.0	3.0	
3.0	2.5	3.5	3.0	2.0	3.0	3.0	3.0	4.0	
2.0	2.5	3.5	2.0	2.0	3.0	2.0	3.0	4.0	
2.0	4.0	4.5	2.0	4.0	4.0	2.0	4.0	5.0	
1.5	3.0	4.0	2.0	3.0	3.0	1.0	3.0	5.0	
2.0	3.0	4.0	2.0	3.0	3.0	2.0	3.0	5.0	
1.5	3.5	4.5	2.0	3.0	4.0	1.0	4.0	5.0	
2.5	3.0	4.0	3.0	2.0	4.0	2.0	4.0	4.0	
3.0	3.5	4.0	4.0	3.0	4.0	2.0	4.0	4.0	
2.5	2.5	3.5	3.0	2.0	3.0	2.0	3.0	4.0	
2.0	3.0	4.0	2.0	3.0	4.0	2.0	3.0	4.0	
2.0	3.5	4.5	2.0	3.0	4.0	2.0	4.0	5.0	
2.0	3.0	4.5	3.0	2.0	4.0	1.0	4.0	5.0	
1.5	3.0	4.0	2.0	3.0	3.0	1.0	3.0	5.0	
1.5	4.5	5.0	2.0	4.0	5.0	1.0	5.0	5.0	
2.0	4.0	4.0	3.0	3.0	3.0	1.0	5.0	5.0	
1.5	3.0	4.0	2.0	3.0	3.0	1.0	3.0	5.0	
1.5	3.5	4.5	2.0	3.0	4.0	1.0	4.0	5.0	
1.5	2.5	4.5	2.0	2.0	4.0	1.0	3.0	5.0	
4.0	4.0	4.5	4.0	3.0	4.0	4.0	5.0	5.0	
2.0	3.5	4.5	3.0	3.0	4.0	1.0	4.0	5.0	
1.5	3.5	4.5	2.0	3.0	4.0	1.0	4.0	5.0	
2.5	2.5	3.5	3.0	2.0	3.0	2.0	3.0	4.0	
2.5	3.5	3.0	3.0	3.0	3.0	2.0	4.0	3.0	
3.0	4.0	4.0	4.0	3.0	4.0	2.0	5.0	4.0	
2.0	3.5	3.5	3.0	3.0	3.0	1.0	4.0	4.0	
2.5	4.0	4.5	3.0	4.0	4.0	2.0	4.0	5.0	
2.5	3.0	4.0	3.0	3.0	3.0	2.0	3.0	5.0	
2.0	4.0	4.0	3.0	3.0	3.0	1.0	5.0	5.0	
1.5	4.5	4.5	2.0	4.0	4.0	1.0	5.0	5.0	
1.0	4.5	5.0	1.0	4.0	5.0	1.0	5.0	5.0	
1.0	3.5	4.5	1.0	3.0	4.0	1.0	4.0	5.0	
1.0	5.0	5.0	1.0	5.0	5.0	1.0	5.0	5.0	
4.0	3.5	2.5	4.0	3.0	1.0	4.0	4.0	4.0	
3.5	3.0	3.0	3.0	3.0	3.0	4.0	3.0	3.0	
3.5	2.5	2.5	3.0	3.0	2.0	4.0	2.0	3.0	
2.5	3.0	4.0	3.0	3.0	4.0	2.0	3.0	4.0	
2.5	2.5	4.5	3.0	2.0	4.0	2.0	3.0	5.0	
2.0	3.5	4.0	2.0	3.0	4.0	2.0	4.0	4.0	
2.0	3.5	4.5	2.0	3.0	4.0	2.0	4.0	5.0	
2.0	3.5	4.0	2.0	4.0	4.0	2.0	3.0	4.0	
2.0	3.5	2.5	2.0	3.0	3.0	2.0	4.0	2.0	
2.0	3.0	3.5	2.0	3.0	3.0	2.0	3.0	4.0	
2.0	2.0	3.0	2.0	2.0	3.0	2.0	2.0	3.0	
3.0	3.0	3.5	3.0	3.0	3.0	3.0	3.0	4.0	
3.0	3.0	3.5	3.0	3.0	3.0	3.0	3.0	4.0	
3.0	3.0	3.5	3.0	4.0	4.0	3.0	2.0	3.0	
2.0	3.5	4.0	2.0	4.0	4.0	2.0	3.0	4.0	
2.5	3.5	4.5	3.0	4.0	4.0	2.0	3.0	5.0	
2.5	3.0	4.0	3.0	3.0	3.0	2.0	3.0	5.0	
2.0	3.5	2.5	2.0	4.0	2.0	2.0	3.0	3.0	
3.0	3.5	3.0	3.0	3.0	3.0	3.0	4.0	3.0	
2.5	2.0	3.0	3.0	2.0	3.0	2.0	2.0	3.0	
2.5	2.5	3.0	3.0	3.0	3.0	2.0	2.0	3.0	
3.0	3.0	3.0	3.0	2.0	2.0	3.0	4.0	4.0	
2.0	3.5	4.5	2.0	3.0	4.0	2.0	4.0	5.0	
2.0	4.5	4.5	2.0	4.0	4.0	2.0	5.0	5.0	
2.0	4.0	4.5	2.0	4.0	4.0	2.0	4.0	5.0	
2.0	3.0	4.5	2.0	3.0	4.0	2.0	3.0	5.0	
2.0	4.0	4.5	2.0	4.0	4.0	2.0	4.0	5.0	
1.5	3.5	5.0	2.0	2.0	5.0	1.0	5.0	5.0	
1.0	4.0	4.5	1.0	3.0	4.0	1.0	5.0	5.0	
1.0	4.5	5.0	1.0	4.0	5.0	1.0	5.0	5.0	
2.0	3.5	4.5	2.0	3.0	4.0	2.0	4.0	5.0	
2.0	4.5	4.5	2.0	4.0	4.0	2.0	5.0	5.0	
2.5	3.0	3.5	3.0	3.0	3.0	2.0	3.0	4.0	
2.0	3.5	4.5	2.0	3.0	4.0	2.0	4.0	5.0	
2.0	2.5	3.0	2.0	2.0	3.0	2.0	3.0	3.0	
3.0	3.5	3.0	3.0	3.0	3.0	3.0	4.0	3.0	
2.0	3.0	3.5	2.0	3.0	4.0	2.0	3.0	3.0	
2.0	3.0	4.5	2.0	3.0	4.0	2.0	3.0	5.0	
1.5	4.0	4.5	2.0	3.0	4.0	1.0	5.0	5.0	
3.0	3.5	3.5	2.0	3.0	3.0	4.0	4.0	4.0	
1.0	4.5	4.5	1.0	4.0	4.0	1.0	5.0	5.0	
2.0	2.5	4.0	3.0	2.0	3.0	1.0	3.0	5.0	
2.0	2.5	3.5	2.0	2.0	3.0	2.0	3.0	4.0	
1.0	5.0	5.0	1.0	5.0	5.0	1.0	5.0	5.0	
