voyager.gif 122.0 43.0 137.0 47.0 129.0 54.0 123.0 59.0 128.0 60.0 133.0 62.0
voyager.gif 191.0 54.0 204.0 56.0 197.0 63.0 192.0 69.0 197.0 69.0 201.0 70.0
voyager.gif 302.0 64.0 314.0 60.0 307.0 67.0 306.0 74.0 310.0 73.0 314.0 72.0
voyager.gif 390.0 31.0 405.0 28.0 398.0 39.0 393.0 46.0 399.0 44.0 404.0 44.0
voyager.gif 257.0 196.0 271.0 198.0 264.0 204.0 257.0 211.0 263.0 210.0 269.0 212.0
voyager.gif 306.0 181.0 320.0 180.0 314.0 187.0 309.0 193.0 313.0 192.0 317.0 193.0
voyager.gif 144.0 439.0 161.0 440.0 153.0 450.0 146.0 458.0 152.0 458.0 158.0 459.0
voyager.gif 252.0 464.0 270.0 463.0 262.0 473.0 256.0 481.0 262.0 479.0 267.0 479.0
voyager.gif 345.0 439.0 363.0 437.0 356.0 449.0 351.0 456.0 356.0 455.0 362.0 455.0
puneet.gif 59.0 136.0 74.0 136.0 68.0 146.0 62.0 150.0 67.0 150.0 73.0 151.0
puneet.gif 130.0 116.0 142.0 116.0 136.0 123.0 131.0 129.0 137.0 129.0 142.0 130.0
puneet.gif 125.0 161.0 140.0 161.0 133.0 169.0 127.0 174.0 132.0 176.0 139.0 174.0
puneet.gif 164.0 150.0 176.0 152.0 170.0 159.0 162.0 163.0 168.0 165.0 173.0 164.0
puneet.gif 208.0 153.0 221.0 153.0 215.0 161.0 211.0 165.0 216.0 166.0 221.0 164.0
puneet.gif 250.0 147.0 262.0 149.0 256.0 154.0 249.0 158.0 254.0 159.0 260.0 160.0
puneet.gif 283.0 138.0 293.0 138.0 287.0 143.0 282.0 149.0 287.0 149.0 291.0 149.0
puneet.gif 325.0 126.0 336.0 128.0 329.0 134.0 323.0 137.0 329.0 139.0 333.0 138.0
puneet.gif 297.0 173.0 308.0 173.0 303.0 180.0 298.0 185.0 304.0 186.0 308.0 184.0
puneet.gif 357.0 157.0 368.0 156.0 363.0 164.0 358.0 170.0 363.0 170.0 368.0 169.0
puneet.gif 381.0 156.0 392.0 153.0 389.0 162.0 386.0 168.0 391.0 167.0 395.0 164.0
puneet.gif 401.0 128.0 411.0 127.0 406.0 132.0 402.0 139.0 406.0 138.0 411.0 137.0
puneet.gif 419.0 144.0 432.0 144.0 425.0 150.0 421.0 156.0 425.0 156.0 431.0 156.0
puneet.gif 489.0 136.0 504.0 135.0 496.0 144.0 492.0 148.0 497.0 151.0 502.0 148.0
people.gif 88.0 100.0 112.0 102.0 98.0 113.0 90.0 118.0 98.0 120.0 106.0 119.0
people.gif 213.0 108.0 231.0 112.0 220.0 121.0 211.0 127.0 218.0 128.0 224.0 129.0
people.gif 271.0 107.0 288.0 105.0 280.0 117.0 276.0 123.0 282.0 123.0 287.0 121.0
people.gif 337.0 129.0 349.0 129.0 344.0 139.0 340.0 144.0 345.0 144.0 349.0 141.0
people.gif 416.0 118.0 427.0 118.0 421.0 126.0 415.0 131.0 421.0 133.0 427.0 132.0
people.gif 480.0 121.0 495.0 121.0 488.0 128.0 482.0 135.0 487.0 136.0 494.0 134.0
people.gif 545.0 101.0 560.0 103.0 552.0 111.0 546.0 119.0 552.0 121.0 559.0 120.0
people.gif 629.0 129.0 649.0 127.0 640.0 139.0 632.0 143.0 640.0 144.0 646.0 142.0
people.gif 209.0 219.0 229.0 220.0 218.0 233.0 211.0 241.0 219.0 241.0 226.0 242.0
people.gif 338.0 252.0 354.0 254.0 345.0 263.0 338.0 268.0 344.0 271.0 350.0 270.0
people.gif 508.0 259.0 527.0 260.0 518.0 270.0 511.0 278.0 517.0 279.0 525.0 280.0
people.gif 615.0 240.0 631.0 240.0 622.0 251.0 616.0 256.0 622.0 258.0 628.0 257.0
boat.gif 336.0 231.0 352.0 230.0 344.0 243.0 337.0 246.0 343.0 249.0 351.0 247.0
boat.gif 494.0 231.0 511.0 230.0 504.0 241.0 497.0 246.0 504.0 248.0 513.0 244.0
cnn1630.gif 152.0 75.0 164.0 74.0 159.0 83.0 155.0 89.0 160.0 88.0 166.0 86.0
cnn1160.gif 74.0 65.0 82.0 62.0 79.0 69.0 77.0 73.0 81.0 73.0 84.0 71.0
cnn1160.gif 160.0 60.0 167.0 57.0 165.0 63.0 163.0 67.0 167.0 67.0 170.0 65.0
cnn2600.gif 145.0 86.0 177.0 87.0 157.0 107.0 147.0 123.0 156.0 123.0 166.0 123.0
cnn1714.gif 114.0 109.0 151.0 106.0 130.0 145.0 120.0 159.0 132.0 160.0 154.0 155.0
cnn2221.gif 127.0 72.0 153.0 68.0 143.0 89.0 137.0 99.0 145.0 99.0 156.0 96.0
cnn1260.gif 123.0 89.0 169.0 84.0 152.0 114.0 139.0 139.0 157.0 137.0 171.0 136.0
knex37.gif 182.0 79.0 208.0 80.0 195.0 95.0 186.0 101.0 194.0 100.0 200.0 101.0
life2100.gif 63.0 154.0 74.0 154.0 68.0 160.0 63.0 165.0 68.0 165.0 74.0 165.0
life2100.gif 111.0 203.0 124.0 204.0 116.0 211.0 110.0 216.0 115.0 217.0 121.0 217.0
life2100.gif 152.0 190.0 163.0 190.0 158.0 199.0 151.0 205.0 157.0 207.0 164.0 203.0
knex0.gif 68.0 86.0 101.0 88.0 83.0 110.0 70.0 120.0 82.0 123.0 96.0 122.0
cnn1085.gif 136.0 85.0 166.0 86.0 155.0 113.0 135.0 121.0 149.0 124.0 162.0 123.0
cnn2020.gif 127.0 88.0 179.0 89.0 158.0 119.0 135.0 143.0 157.0 142.0 172.0 142.0
life7422.gif 75.0 75.0 91.0 77.0 81.0 84.0 76.0 91.0 82.0 91.0 88.0 91.0
eugene.gif 114.0 200.0 163.0 199.0 135.0 234.0 124.0 247.0 136.0 249.0 153.0 250.0
next.gif 76.0 19.0 90.0 20.0 83.0 28.0 78.0 34.0 84.0 35.0 88.0 33.0
next.gif 143.0 33.0 155.0 34.0 149.0 43.0 144.0 48.0 149.0 49.0 154.0 48.0
next.gif 219.0 56.0 229.0 55.0 224.0 61.0 220.0 67.0 224.0 68.0 228.0 67.0
next.gif 289.0 52.0 302.0 51.0 294.0 58.0 290.0 66.0 295.0 66.0 300.0 65.0
next.gif 355.0 31.0 367.0 31.0 360.0 38.0 356.0 44.0 361.0 45.0 366.0 43.0
next.gif 93.0 164.0 107.0 164.0 101.0 171.0 94.0 177.0 100.0 177.0 105.0 177.0
next.gif 186.0 143.0 200.0 142.0 193.0 152.0 186.0 157.0 192.0 157.0 199.0 158.0
next.gif 278.0 150.0 291.0 149.0 285.0 159.0 279.0 165.0 285.0 165.0 289.0 164.0
ds9.gif 49.0 130.0 72.0 132.0 62.0 147.0 53.0 155.0 59.0 156.0 65.0 157.0
ds9.gif 106.0 41.0 127.0 41.0 115.0 52.0 110.0 61.0 117.0 61.0 125.0 62.0
ds9.gif 162.0 108.0 183.0 111.0 171.0 122.0 165.0 131.0 171.0 131.0 176.0 131.0
ds9.gif 215.0 51.0 232.0 56.0 222.0 67.0 215.0 73.0 220.0 75.0 226.0 76.0
ds9.gif 299.0 79.0 319.0 79.0 307.0 93.0 300.0 102.0 306.0 103.0 313.0 103.0
ds9.gif 403.0 164.0 423.0 167.0 409.0 181.0 402.0 186.0 408.0 190.0 417.0 188.0
ds9.gif 479.0 119.0 496.0 121.0 486.0 133.0 480.0 141.0 485.0 141.0 491.0 143.0
ds9.gif 569.0 137.0 589.0 139.0 577.0 152.0 570.0 159.0 576.0 160.0 583.0 161.0
baseball.gif 90.0 43.0 115.0 42.0 104.0 59.0 95.0 70.0 105.0 70.0 113.0 69.0
book.gif 95.0 385.0 109.0 385.0 103.0 395.0 96.0 400.0 101.0 402.0 106.0 401.0
book.gif 174.0 377.0 187.0 377.0 179.0 387.0 175.0 392.0 181.0 392.0 187.0 392.0
tammy.gif 117.0 157.0 141.0 155.0 129.0 171.0 123.0 181.0 131.0 180.0 139.0 178.0
original1.gif 33.0 47.0 45.0 48.0 39.0 54.0 35.0 59.0 39.0 60.0 45.0 59.0
original1.gif 122.0 53.0 131.0 51.0 127.0 59.0 124.0 64.0 128.0 64.0 133.0 62.0
original1.gif 93.0 109.0 105.0 108.0 98.0 116.0 94.0 120.0 98.0 120.0 103.0 121.0
original1.gif 164.0 78.0 174.0 79.0 168.0 86.0 164.0 91.0 169.0 91.0 173.0 91.0
original1.gif 203.0 117.0 212.0 115.0 208.0 124.0 203.0 128.0 209.0 130.0 213.0 127.0
original1.gif 321.0 60.0 330.0 59.0 325.0 65.0 322.0 70.0 326.0 70.0 330.0 68.0
original1.gif 327.0 89.0 339.0 89.0 333.0 98.0 329.0 105.0 334.0 105.0 338.0 104.0
original1.gif 381.0 38.0 390.0 36.0 386.0 43.0 382.0 50.0 387.0 48.0 393.0 47.0
original2.gif 65.0 367.0 96.0 366.0 83.0 390.0 70.0 402.0 81.0 401.0 93.0 401.0
original2.gif 208.0 352.0 242.0 352.0 223.0 377.0 214.0 390.0 224.0 390.0 236.0 391.0
original2.gif 364.0 259.0 398.0 256.0 380.0 285.0 373.0 300.0 382.0 299.0 394.0 298.0
original2.gif 573.0 216.0 608.0 214.0 589.0 243.0 580.0 259.0 591.0 258.0 603.0 257.0
original2.gif 478.0 124.0 509.0 120.0 495.0 141.0 488.0 154.0 497.0 153.0 509.0 150.0
original2.gif 290.0 180.0 322.0 179.0 307.0 198.0 294.0 210.0 304.0 212.0 322.0 209.0
original2.gif 141.0 192.0 171.0 193.0 156.0 215.0 145.0 226.0 155.0 226.0 168.0 227.0
voyager2.gif 64.0 155.0 93.0 158.0 77.0 177.0 67.0 190.0 77.0 190.0 87.0 192.0
voyager2.gif 176.0 169.0 204.0 170.0 190.0 189.0 180.0 199.0 190.0 200.0 200.0 202.0
voyager2.gif 355.0 63.0 381.0 64.0 369.0 81.0 357.0 94.0 368.0 93.0 379.0 94.0
voyager2.gif 535.0 113.0 567.0 112.0 549.0 130.0 541.0 142.0 550.0 142.0 559.0 142.0
voyager2.gif 271.0 229.0 299.0 230.0 285.0 248.0 276.0 258.0 285.0 258.0 294.0 259.0
voyager2.gif 437.0 204.0 465.0 204.0 452.0 219.0 446.0 233.0 453.0 231.0 460.0 232.0
voyager2.gif 161.0 289.0 193.0 292.0 176.0 311.0 164.0 323.0 175.0 322.0 184.0 324.0
voyager2.gif 347.0 325.0 378.0 325.0 363.0 344.0 354.0 356.0 363.0 355.0 373.0 354.0
voyager2.gif 528.0 313.0 557.0 312.0 542.0 335.0 535.0 346.0 542.0 346.0 551.0 346.0
plays.gif 47.0 594.0 97.0 588.0 79.0 628.0 57.0 646.0 79.0 651.0 101.0 642.0
plays.gif 335.0 95.0 352.0 97.0 342.0 106.0 333.0 110.0 342.0 114.0 348.0 112.0
plays.gif 407.0 116.0 422.0 118.0 413.0 124.0 408.0 131.0 415.0 131.0 421.0 131.0
plays.gif 490.0 97.0 505.0 93.0 498.0 104.0 495.0 110.0 500.0 110.0 504.0 107.0
lacrosse.gif 94.5 46.5 116.0 46.0 105.0 57.0 98.5 66.5 105.5 65.5 113.0 65.5
hendrix2.gif 46.5 67.5 76.0 66.5 61.5 87.0 52.0 97.0 59.5 99.0 69.0 97.5
judybats.gif 47.0 399.0 78.0 398.0 60.0 419.0 51.0 428.0 62.0 429.0 77.0 430.0
judybats.gif 152.0 263.0 236.0 257.0 173.0 315.0 160.0 358.0 181.0 354.0 210.0 356.0
judybats.gif 377.0 412.0 393.0 414.0 383.0 420.0 378.0 425.0 384.0 425.0 391.0 426.0
judybats.gif 442.0 345.0 482.0 344.0 459.0 376.0 446.0 391.0 460.0 391.0 474.0 390.0
judybats.gif 637.0 447.0 661.0 442.0 651.0 458.0 645.0 469.0 651.0 466.0 660.0 465.0
mom-baby.gif 67.0 64.0 107.0 57.0 90.0 82.0 80.0 97.0 93.0 93.0 106.0 90.0
mom-baby.gif 136.0 175.0 170.0 183.0 149.0 197.0 136.0 206.0 143.0 207.0 154.0 209.0
kaari-stef.gif 78.0 115.0 127.0 105.0 119.0 145.0 100.0 165.0 122.0 165.0 138.0 153.0
kaari-stef.gif 303.0 116.0 348.0 109.0 330.0 140.0 314.0 157.0 332.0 154.0 350.0 151.0
kaari1.gif 93.0 155.0 148.0 145.0 126.0 193.0 113.0 212.0 132.0 215.0 158.0 200.0
kaari2.gif 125.0 57.0 165.0 59.0 148.0 86.0 130.0 101.0 145.0 105.0 159.0 100.0
shumeet.gif 188.0 102.0 216.0 106.0 202.0 123.0 191.0 130.0 202.0 130.0 210.0 131.0
aerosmith-double.gif 94.0 138.0 117.0 138.0 108.0 152.0 98.0 161.0 107.0 161.0 115.0 162.0
aerosmith-double.gif 114.0 32.0 134.0 31.0 125.0 45.0 117.0 54.0 124.0 53.0 132.0 53.0
aerosmith-double.gif 167.0 110.0 187.0 108.0 176.0 123.0 171.0 133.0 176.0 131.0 183.0 134.0
aerosmith-double.gif 235.0 57.0 254.0 54.0 244.0 67.0 239.0 77.0 245.0 77.0 252.0 77.0
aerosmith-double.gif 282.0 126.0 303.0 126.0 293.0 141.0 286.0 150.0 292.0 149.0 298.0 151.0
pace-university-double.gif 20.0 108.0 40.0 106.0 33.0 120.0 26.0 129.0 33.0 130.0 40.0 128.0
pace-university-double.gif 168.0 94.0 186.0 101.0 173.0 111.0 163.0 115.0 170.0 120.0 177.0 119.0
pace-university-double.gif 249.0 131.0 271.0 133.0 259.0 146.0 248.0 150.0 257.0 153.0 264.0 153.0
pace-university-double.gif 367.0 98.0 389.0 102.0 375.0 110.0 365.0 117.0 372.0 120.0 381.0 120.0
pace-university-double.gif 465.0 108.0 489.0 106.0 478.0 121.0 469.0 129.0 477.0 131.0 488.0 128.0
pace-university-double.gif 580.0 112.0 602.0 112.0 591.0 122.0 582.0 131.0 591.0 133.0 599.0 129.0
pace-university-double.gif 699.0 103.0 721.0 102.0 711.0 117.0 703.0 126.0 713.0 129.0 723.0 124.0
pace-university-double.gif 788.0 124.0 810.0 119.0 802.0 134.0 792.0 144.0 800.0 144.0 806.0 142.0
hendrix1-bigger.gif 132.0 79.0 156.0 81.0 144.0 98.0 137.0 109.0 145.0 109.0 152.0 109.0
hendrix1-bigger.gif 71.0 372.0 83.0 370.0 77.0 379.0 75.0 385.0 80.0 385.0 84.0 383.0
hendrix1-bigger.gif 130.0 367.0 147.0 369.0 138.0 380.0 131.0 386.0 136.0 388.0 143.0 388.0
hendrix1-bigger.gif 173.0 374.0 183.0 374.0 177.0 381.0 174.0 388.0 178.0 388.0 183.0 388.0
hendrix1-bigger.gif 57.0 640.0 71.0 638.0 64.0 649.0 59.0 655.0 64.0 654.0 69.0 654.0
hendrix1-bigger.gif 126.0 626.0 142.0 625.0 134.0 637.0 128.0 645.0 135.0 645.0 140.0 644.0
hendrix1-bigger.gif 173.0 629.0 185.0 627.0 179.0 635.0 174.0 643.0 179.0 642.0 183.0 641.0
hendrix1-bigger.gif 334.0 114.0 347.0 114.0 341.0 123.0 340.0 129.0 345.0 129.0 348.0 127.0
hendrix1-bigger.gif 390.0 82.0 402.0 81.0 397.0 88.0 393.0 95.0 398.0 95.0 402.0 94.0
hendrix1-bigger.gif 462.0 93.0 477.0 93.0 469.0 105.0 460.0 110.0 467.0 112.0 473.0 112.0
hendrix1-bigger.gif 328.0 383.0 339.0 381.0 335.0 391.0 334.0 398.0 337.0 396.0 342.0 395.0
hendrix1-bigger.gif 388.0 350.0 400.0 350.0 395.0 357.0 390.0 364.0 395.0 364.0 400.0 364.0
hendrix1-bigger.gif 459.0 358.0 473.0 359.0 465.0 371.0 458.0 378.0 464.0 378.0 470.0 379.0
hendrix1-bigger.gif 336.0 653.0 351.0 648.0 347.0 660.0 346.0 668.0 351.0 666.0 355.0 663.0
hendrix1-bigger.gif 386.0 628.0 398.0 629.0 393.0 636.0 387.0 642.0 393.0 643.0 398.0 642.0
hendrix1-bigger.gif 462.0 620.0 476.0 623.0 469.0 632.0 462.0 638.0 467.0 640.0 473.0 640.0
hendrix1-bigger.gif 595.0 118.0 609.0 116.0 604.0 127.0 602.0 132.0 607.0 133.0 612.0 131.0
hendrix1-bigger.gif 648.0 98.0 662.0 99.0 655.0 105.0 651.0 112.0 655.0 112.0 660.0 112.0
hendrix1-bigger.gif 719.0 90.0 733.0 93.0 727.0 103.0 719.0 110.0 726.0 110.0 731.0 110.0
hendrix1-bigger.gif 587.0 373.0 605.0 375.0 596.0 387.0 588.0 392.0 595.0 395.0 602.0 394.0
hendrix1-bigger.gif 652.0 358.0 673.0 359.0 663.0 370.0 657.0 377.0 664.0 378.0 670.0 377.0
hendrix1-bigger.gif 705.0 371.0 723.0 371.0 713.0 381.0 709.0 387.0 713.0 387.0 718.0 387.0
hendrix1-bigger.gif 588.0 633.0 604.0 634.0 596.0 645.0 588.0 651.0 595.0 652.0 600.0 651.0
hendrix1-bigger.gif 650.0 616.0 669.0 617.0 659.0 628.0 654.0 637.0 659.0 636.0 665.0 637.0
hendrix1-bigger.gif 711.0 627.0 725.0 626.0 717.0 637.0 713.0 643.0 717.0 643.0 722.0 643.0
blues-double.gif 108.0 42.0 127.0 43.0 118.0 54.0 110.0 64.0 118.0 64.0 125.0 66.0
blues-double.gif 184.0 82.0 201.0 83.0 193.0 91.0 187.0 102.0 193.0 102.0 199.0 102.0
blues-double.gif 272.0 60.0 290.0 61.0 280.0 70.0 275.0 78.0 281.0 79.0 287.0 79.0
blues-double.gif 360.0 41.0 379.0 41.0 366.0 52.0 362.0 62.0 368.0 63.0 375.0 62.0
music-groups-double.gif 33.0 146.0 53.0 145.0 46.0 158.0 40.0 167.0 45.0 167.0 51.0 167.0
music-groups-double.gif 81.0 119.0 100.0 122.0 89.0 132.0 82.0 138.0 88.0 139.0 93.0 141.0
music-groups-double.gif 141.0 92.0 160.0 91.0 150.0 105.0 144.0 113.0 151.0 113.0 156.0 113.0
music-groups-double.gif 257.0 94.0 277.0 94.0 266.0 104.0 261.0 111.0 267.0 111.0 273.0 111.0
music-groups-double.gif 338.0 254.0 366.0 252.0 353.0 272.0 343.0 283.0 352.0 283.0 361.0 283.0
music-groups-double.gif 471.0 220.0 492.0 213.0 484.0 234.0 481.0 243.0 486.0 241.0 496.0 239.0
music-groups-double.gif 433.0 324.0 462.0 323.0 449.0 346.0 442.0 357.0 452.0 358.0 461.0 355.0
music-groups-double.gif 570.0 251.0 595.0 247.0 582.0 269.0 577.0 279.0 585.0 279.0 590.0 276.0
henry.gif 173.0 167.0 283.0 156.0 230.0 225.0 156.0 257.0 238.0 288.0 328.0 234.0
henry.gif 468.0 80.0 520.0 79.0 489.0 107.0 460.0 128.0 490.0 134.0 522.0 125.0
henry.gif 476.0 240.0 515.0 238.0 495.0 266.0 480.0 287.0 499.0 285.0 516.0 281.0
henry.gif 367.0 389.0 420.0 386.0 395.0 418.0 377.0 435.0 395.0 438.0 417.0 431.0
J-L_Picard.Baldy.gif 184 82 199 81 189 101 186 109 191 110 199 108
addams-family.gif 92 522 113 526 104 536 95 543 101 544 107 545
addams-family.gif 153 421 176 424 160 438 151 444 159 448 169 445
addams-family.gif 341 194 364 193 352 209 344 216 351 216 360 216
addams-family.gif 434 166 453 166 440 181 436 189 440 189 448 189
addams-family.gif 727 107 751 103 738 123 734 133 740 133 747 132
addams-family.gif 671 405 693 403 683 418 677 425 684 425 690 424
addams-family.gif 749 570 775 571 758 586 751 591 758 592 766 592
aeon1a.gif 197 138 264 139 219 175 204 201 222 198 245 202
audrey1.gif 152 136 200 130 181 169 166 183 183 183 199 177
audrey2.gif 92 190 170 189 138 254 106 270 137 273 161 267
audrybt1.gif 140 53 160 52 151 64 145 71 151 71 158 70
bksomels.gif 189 107 229 114 205 140 187 152 203 155 215 158
bttf206.gif 246 149 296 146 280 176 259 201 279 199 294 201
bttf301.gif 79 43 103 46 90 60 81 67 89 70 98 68
bttf301.gif 149 111 170 111 157 124 152 131 158 131 165 132
bttf301.gif 223 118 245 118 235 133 228 138 236 140 243 139
bttf301.gif 341 62 363 60 351 76 344 84 351 86 359 84
bttf301.gif 471 89 491 86 481 102 471 109 480 110 486 107
bttf301.gif 520 141 542 139 529 151 522 160 530 160 538 160
bwolen.gif 24 35 39 34 30 47 25 53 32 52 38 53
cfb.gif 71 68 107 70 89 91 75 103 89 103 100 104
clapton.gif 195 121 237 115 209 138 194 161 208 156 227 159
class57.gif 111 518 128 518 121 530 114 537 120 537 127 535
class57.gif 123 369 142 369 132 380 127 385 134 386 138 386
class57.gif 175 315 189 317 183 324 173 329 179 330 185 331
class57.gif 202 278 218 282 210 289 204 293 210 294 214 296
class57.gif 158 245 173 243 166 253 162 260 167 259 171 259
class57.gif 205 201 219 200 212 208 209 214 213 214 218 214
class57.gif 233 424 251 428 241 437 233 445 239 445 246 447
class57.gif 254 371 272 372 263 383 255 388 263 389 271 390
class57.gif 289 316 307 316 298 325 292 330 298 331 304 331
class57.gif 280 226 297 227 288 235 283 241 289 242 294 242
class57.gif 356 196 369 196 362 205 358 211 362 210 367 211
class57.gif 388 241 402 240 396 248 390 254 395 254 402 254
class57.gif 354 309 370 310 361 316 356 323 360 324 366 324
class57.gif 362 375 380 375 372 386 367 393 372 393 378 392
class57.gif 353 446 372 445 363 457 357 463 363 463 370 463
class57.gif 298 510 317 511 306 521 300 529 308 530 315 530
class57.gif 491 501 511 500 500 510 494 518 501 518 507 518
class57.gif 425 365 442 365 435 372 426 380 433 380 439 380
class57.gif 493 361 510 360 502 372 495 378 502 379 510 377
class57.gif 460 303 475 305 467 313 461 318 468 319 473 319
class57.gif 488 260 503 259 495 268 490 274 496 274 501 272
class57.gif 485 177 499 178 491 184 487 190 492 190 497 190
class57.gif 587 338 605 338 596 347 590 355 596 356 605 354
class57.gif 618 424 636 425 627 434 619 439 625 441 631 442
class57.gif 680 510 699 509 691 521 682 528 689 530 698 529
class57.gif 822 517 844 517 832 530 826 536 833 536 840 536
class57.gif 978 506 998 504 987 515 982 524 988 523 995 522
class57.gif 1141 527 1161 526 1153 536 1145 544 1152 545 1159 543
class57.gif 1018 440 1038 440 1027 450 1022 458 1028 457 1036 457
class57.gif 1178 435 1194 432 1185 443 1179 450 1185 449 1191 448
class57.gif 1101 373 1119 374 1109 383 1102 390 1110 390 1116 389
class57.gif 978 390 994 390 984 401 978 405 985 408 990 407
class57.gif 853 432 872 430 862 439 856 446 864 448 869 447
class57.gif 750 440 767 440 760 448 753 454 762 455 767 453
class57.gif 684 395 701 394 693 405 687 409 693 410 700 410
class57.gif 720 317 738 318 728 329 722 335 729 336 735 335
class57.gif 802 400 820 399 811 407 806 415 811 416 817 414
class57.gif 849 366 866 364 859 375 854 383 861 382 867 380
class57.gif 957 323 973 324 964 332 960 338 965 338 971 338
class57.gif 1068 334 1086 333 1077 343 1071 349 1078 349 1084 348
class57.gif 991 272 1005 273 997 284 991 288 996 289 1001 289
class57.gif 1119 288 1135 289 1127 300 1121 305 1127 306 1133 305
class57.gif 1052 224 1069 226 1060 232 1054 238 1060 238 1064 238
class57.gif 801 290 817 288 810 299 805 304 811 304 818 303
class57.gif 835 268 849 269 841 276 836 280 841 281 846 281
class57.gif 886 260 900 258 895 269 891 274 894 274 898 272
class57.gif 950 230 965 230 958 234 952 242 956 241 963 241
class57.gif 1007 202 1022 202 1014 212 1010 218 1015 217 1019 217
class57.gif 887 198 900 198 894 205 889 210 894 210 900 210
class57.gif 833 197 849 197 841 204 836 212 842 211 847 211
class57.gif 741 254 757 253 749 263 744 268 750 268 756 268
class57.gif 657 285 672 287 664 296 659 301 664 303 670 302
class57.gif 582 271 598 270 591 279 585 287 591 286 597 286
class57.gif 544 226 558 227 550 235 545 241 550 241 556 241
class57.gif 605 186 619 185 611 195 607 201 611 201 617 201
class57.gif 639 237 653 237 646 247 641 252 645 252 651 252
class57.gif 714 181 729 179 721 190 717 196 722 195 727 194
cpd.gif 180 148 239 140 221 198 197 219 220 219 237 215
crimson.gif 247 429 366 414 315 523 273 570 315 562 366 559
divinci-man1.gif 288 200 306 200 296 212 291 219 296 218 304 219
er.gif 128 64 142 64 136 72 131 78 137 77 142 78
er.gif 77 142 93 141 85 148 80 155 87 154 93 154
er.gif 149 273 164 270 158 281 155 289 159 288 164 287
er.gif 267 244 283 243 274 250 269 258 276 258 281 257
er.gif 345 52 359 49 351 60 349 64 352 65 357 65
er.gif 410 105 423 101 416 112 413 123 416 122 420 120
ew-courtney-david.gif 92 77 118 75 108 94 100 104 108 103 117 103
ew-courtney-david.gif 140 67 167 67 153 94 144 98 158 103 172 94
ew-friends.gif 128 78 141 77 134 85 130 89 135 89 140 89
ew-friends.gif 161 66 173 63 169 72 165 76 169 76 173 74
ew-friends.gif 203 73 214 73 208 82 204 86 208 86 213 85
ew-friends.gif 131 127 144 125 139 135 134 138 139 140 143 138
ew-friends.gif 167 136 180 136 173 144 169 147 173 149 178 148
ew-friends.gif 215 124 226 128 218 133 213 135 216 138 221 138
gigi.gif 130 111 172 109 154 143 140 153 153 154 164 152
gpripe.gif 19 32 37 31 28 42 24 50 30 50 36 50
gpripe.gif 74 45 104 47 84 66 76 78 84 78 94 79
herbie-hancock.gif 290 386 350 395 313 430 296 445 309 450 324 450
jackson.gif 250 195 295 185 280 214 270 234 283 231 300 226
john.coltrane.gif 102 171 176 168 138 216 122 249 140 248 160 248
karen-and-rob.gif 97 217 118 212 110 227 104 235 112 235 120 231
karen-and-rob.gif 205 53 229 53 216 67 207 74 217 75 224 74
larroquette.gif 83 121 96 124 87 132 79 133 85 135 93 137
larroquette.gif 119 109 132 111 125 117 119 122 123 123 127 123
larroquette.gif 139 161 152 160 145 167 142 172 146 172 150 171
larroquette.gif 187 140 200 139 194 148 189 152 193 153 199 153
larroquette.gif 226 104 239 104 233 111 228 115 232 115 235 115
larroquette.gif 268 152 281 152 275 162 270 165 275 166 280 164
larroquette.gif 338 160 353 160 344 169 340 171 345 172 350 172
larroquette.gif 382 127 394 122 391 133 391 139 395 137 397 134
larroquette.gif 108 229 122 229 115 236 111 241 115 242 120 240
lawoman.gif 58 104 80 106 71 123 62 131 70 131 77 131
lawoman.gif 121 132 141 133 129 149 122 157 128 158 136 158
lawoman.gif 181 131 200 132 187 149 183 156 188 156 193 156
lawoman.gif 250 156 271 155 258 172 252 180 257 180 267 180
life-cover.gif 281 352 334 337 301 385 302 410 315 407 332 403
life-dreams.gif 902 344 912 344 907 350 903 354 907 355 910 354
madaboutyou.gif 211 290 233 283 229 303 225 312 232 311 235 309
madaboutyou.gif 404 292 426 290 416 304 408 315 416 313 421 313
married.gif 46 108 66 103 62 120 58 128 63 127 68 126
married.gif 177 53 199 54 188 73 181 78 187 78 194 78
married.gif 301 68 322 67 311 84 306 90 311 90 318 90
mickymouse-self-p.gif 424 271 440 269 432 278 429 285 435 285 441 284
mickymouse-self-p.gif 562 332 615 328 587 377 572 391 588 398 611 387
mona-lisa.gif 206 173 261 172 228 219 217 233 230 235 249 234
natalie1.gif 184 258 373 253 272 399 199 456 270 463 365 449
nens.gif 41 168 55 168 47 174 42 179 46 179 51 180
nens.gif 95 173 109 172 102 179 98 183 103 183 106 183
nens.gif 147 176 160 176 154 182 148 186 153 187 159 187
nens.gif 195 169 208 169 202 176 197 179 203 180 208 178
nens.gif 173 105 186 104 180 113 176 116 180 116 183 116
nens.gif 123 114 136 112 129 120 127 124 130 124 134 124
nens.gif 67 111 79 110 74 117 70 122 75 123 80 123
nens.gif 20 92 35 93 28 99 22 104 26 104 31 105
nens.gif 52 42 65 44 58 49 53 53 58 54 63 54
nens.gif 100 33 113 35 106 41 101 44 105 45 110 46
nens.gif 154 21 168 20 162 26 157 32 162 32 165 32
nens.gif 206 29 219 29 212 37 206 41 212 41 216 42
nens.gif 241 116 253 116 247 123 243 126 248 127 252 127
nens.gif 157 241 171 240 164 249 160 253 165 254 168 253
newsradio.gif 108 278 133 278 119 296 109 307 119 309 129 307
newsradio.gif 229 196 253 195 243 215 236 223 244 223 253 221
newsradio.gif 324 273 346 273 331 288 326 297 334 299 340 297
newsradio.gif 395 226 419 220 410 238 405 249 414 249 430 238
newsradio.gif 323 143 347 140 337 159 331 168 339 168 351 165
newsradio.gif 241 98 263 95 255 110 250 120 257 119 265 117
newsradio.gif 65 146 89 139 85 162 82 171 88 168 94 163
newsradio.gif 149 181 172 184 160 198 149 206 157 206 165 207
our-cards.gif 556 55 574 52 563 65 559 71 565 72 570 72
our-cards.gif 121 796 145 794 135 805 127 814 135 814 141 816
patio.gif 137 56 159 56 149 71 141 80 147 80 152 80
police.gif 154 245 187 246 164 270 157 282 165 282 180 283
police.gif 247 247 284 247 262 270 250 282 266 282 279 283
police.gif 357 235 392 235 370 259 362 273 373 273 385 273
rehg-thanksgiving-1994.gif 127 97 141 100 133 110 128 113 133 115 137 115
rehg-thanksgiving-1994.gif 170 168 186 170 178 178 173 183 178 185 183 184
rehg-thanksgiving-1994.gif 226 91 238 91 233 99 228 103 232 103 236 102
rehg-thanksgiving-1994.gif 302 128 315 128 309 137 305 141 309 142 314 141
rehg-thanksgiving-1994.gif 299 81 313 81 304 88 301 92 304 93 310 93
rehg-thanksgiving-1994.gif 358 96 371 94 365 102 363 107 366 107 369 106
rehg-thanksgiving-1994.gif 415 103 430 102 420 112 417 117 420 117 426 115
sarah4.gif 130 179 204 171 172 229 148 252 175 254 199 245
sarah_live_2.gif 122 125 354 120 239 304 159 346 235 368 318 342
seinfeld.gif 107 57 122 56 113 67 108 72 113 73 119 72
seinfeld.gif 167 69 183 69 175 79 171 82 176 84 182 82
seinfeld.gif 244 65 260 65 252 73 247 78 253 78 258 78
seinfeld.gif 331 55 345 52 338 63 335 70 338 70 344 68
speed.gif 43 51 60 51 51 61 46 67 52 67 57 67
tori-crucify.gif 160 171 199 171 177 200 166 213 179 213 193 212
tori-entweekly.gif 210 166 284 156 243 211 224 249 246 241 272 237
tori-live3.gif 210 59 242 62 227 76 218 88 227 88 235 90
tress-photo-2.gif 156 140 166 139 161 144 159 148 162 148 164 148
tress-photo.gif 180 152 195 151 190 159 183 164 190 165 195 162
u2-cover.gif 207 222 264 224 234 245 208 259 230 260 263 259
waynesworld2.gif 135 101 155 100 144 112 139 123 145 123 152 122
waynesworld2.gif 263 74 284 75 272 86 264 92 273 93 279 93
window.gif 128 54 143 57 134 66 128 71 132 71 137 73
window.gif 219 55 237 54 229 65 223 71 228 71 234 71
wxm.gif 45 36 62 38 53 48 46 52 52 54 59 53
ysato.gif 83 87 112 86 99 109 92 121 98 122 106 122
our-cards.gif 575 277 556 277 566 264 572 256 566 256 559 258
our-cards.gif 96 988 76 989 84 977 92 965 85 967 78 967